# Note that these R2 values are still unadjusted and need to be adjusted following Peres-Neto (2006). Correction term: 1 - (n-1)/(n-p-1) = 1 - 999/995
# nb.scenario, noise, true.r2, resampled.r2, resampled.uncertainty, bs.r2, bs.sd, bs.ci.lower, bs.ci.upper
1 , 0 , 0.2549796 , 0.2563475 , 0.01064418 , 0.2569483 , 0.00899238 , 0.2396845 , 0.2747567 
2 , 0 , 0.1527186 , 0.1536461 , 0.01584089 , 0.1411033 , 0.01457581 , 0.1133238 , 0.1702992 
3 , 0 , 0.3033144 , 0.3027218 , 0.007786195 , 0.3121989 , 0.007882208 , 0.2970393 , 0.3268226 
4 , 0 , 0.7248719 , 0.7227674 , 0.008258861 , 0.7209979 , 0.008978374 , 0.7037447 , 0.7381913 
5 , 0 , 0.3356397 , 0.3342932 , 0.01007263 , 0.3327028 , 0.01000836 , 0.3127854 , 0.3510674 
6 , 0 , 0.5742204 , 0.5755736 , 0.01746219 , 0.6068788 , 0.01672196 , 0.5735651 , 0.6389271 
7 , 0 , 0.726812 , 0.7274226 , 0.01261812 , 0.7268768 , 0.0129664 , 0.7011213 , 0.7522252 
8 , 0 , 0.3385026 , 0.3376386 , 0.009292262 , 0.3347636 , 0.009130893 , 0.3176674 , 0.3521899 
9 , 0 , 0.3246322 , 0.3255975 , 0.01082984 , 0.3196641 , 0.008000311 , 0.3037356 , 0.3355233 
10 , 0 , 0.1695061 , 0.1710556 , 0.007606715 , 0.177656 , 0.007627112 , 0.1637257 , 0.1924956 
11 , 0 , 0.3795111 , 0.3815577 , 0.0157793 , 0.4097781 , 0.01560956 , 0.3781434 , 0.4393146 
12 , 0 , 0.3091308 , 0.3084694 , 0.006978954 , 0.2918929 , 0.007517554 , 0.2768518 , 0.3068231 
13 , 0 , 0.1244788 , 0.1249544 , 0.006364641 , 0.1208513 , 0.005505839 , 0.1099185 , 0.1314361 
14 , 0 , 0.6098488 , 0.6089425 , 0.0122927 , 0.6155884 , 0.01150119 , 0.5912393 , 0.6368704 
15 , 0 , 0.4962952 , 0.4941928 , 0.01057801 , 0.4862537 , 0.009879232 , 0.4670118 , 0.5057065 
16 , 0 , 0.7721334 , 0.7692572 , 0.01202207 , 0.7807845 , 0.01232737 , 0.7563098 , 0.8039523 
17 , 0 , 0.6005007 , 0.5975401 , 0.01488989 , 0.5808838 , 0.01784392 , 0.5433231 , 0.6135379 
18 , 0 , 0.350826 , 0.34868 , 0.009910562 , 0.3561849 , 0.01003593 , 0.3357719 , 0.3751816 
19 , 0 , 0.1086449 , 0.1090126 , 0.004981938 , 0.1114522 , 0.004678598 , 0.1026534 , 0.1212939 
20 , 0 , 0.5567159 , 0.557807 , 0.01011657 , 0.5553901 , 0.009654673 , 0.5361333 , 0.5738538 
21 , 0 , 0.3086192 , 0.309477 , 0.007665174 , 0.3095012 , 0.007885671 , 0.294166 , 0.3247321 
22 , 0 , 0.4588785 , 0.4571247 , 0.0134515 , 0.4291153 , 0.01392128 , 0.4027747 , 0.4564177 
23 , 0 , 0.5646809 , 0.5659753 , 0.01262259 , 0.5419043 , 0.01505965 , 0.510724 , 0.5720295 
24 , 0 , 0.05565494 , 0.05638948 , 0.005332638 , 0.05371735 , 0.004015635 , 0.04679016 , 0.06228085 
25 , 0 , 0.6937275 , 0.693257 , 0.01023611 , 0.6863705 , 0.01042752 , 0.6656688 , 0.706444 
26 , 0 , 0.3181229 , 0.316209 , 0.0318564 , 0.2833982 , 0.02502526 , 0.2388126 , 0.3388596 
27 , 0 , 0.04556979 , 0.04597722 , 0.002906544 , 0.04357559 , 0.00263769 , 0.03868869 , 0.04860878 
28 , 0 , 0.4274258 , 0.4269723 , 0.0104821 , 0.4393134 , 0.01050205 , 0.4181159 , 0.4602977 
29 , 0 , 0.3550635 , 0.3555408 , 0.01003465 , 0.376458 , 0.01094773 , 0.3546375 , 0.3974105 
30 , 0 , 0.1680556 , 0.1685954 , 0.006277487 , 0.1631644 , 0.005674863 , 0.1521008 , 0.1743114 
31 , 0 , 0.4161546 , 0.4141949 , 0.01360612 , 0.4007552 , 0.01401634 , 0.3736301 , 0.4267323 
32 , 0 , 0.4758606 , 0.4764025 , 0.0164093 , 0.4726833 , 0.0171851 , 0.4381314 , 0.5078258 
33 , 0 , 0.4952852 , 0.4939272 , 0.0105604 , 0.4955023 , 0.01042674 , 0.4746454 , 0.5157797 
34 , 0 , 0.4315097 , 0.4304939 , 0.017462 , 0.4067466 , 0.01697119 , 0.3719101 , 0.4407209 
35 , 0 , 0.1031502 , 0.1044281 , 0.004929959 , 0.09979512 , 0.004207974 , 0.09212927 , 0.1081374 
36 , 0 , 0.1822826 , 0.1814935 , 0.007115031 , 0.1801437 , 0.007112886 , 0.1662799 , 0.1947129 
37 , 0 , 0.4119532 , 0.4117025 , 0.01233016 , 0.4221612 , 0.01422814 , 0.3949702 , 0.4488196 
38 , 0 , 0.1991467 , 0.1989446 , 0.006419067 , 0.1907967 , 0.006157105 , 0.1780001 , 0.2028224 
39 , 0 , 0.1155204 , 0.1161475 , 0.007426038 , 0.1153645 , 0.006723474 , 0.1023249 , 0.1290092 
40 , 0 , 0.07740478 , 0.07819411 , 0.005103406 , 0.07135319 , 0.005694404 , 0.06032908 , 0.0826492 
41 , 0 , 0.08487142 , 0.08512135 , 0.003632104 , 0.08344689 , 0.003840831 , 0.07571375 , 0.0910779 
42 , 0 , 0.5070383 , 0.5051354 , 0.01426782 , 0.509333 , 0.01462712 , 0.4801217 , 0.5372313 
43 , 0 , 0.226326 , 0.2275924 , 0.008601477 , 0.2192659 , 0.007853235 , 0.2039865 , 0.2347276 
44 , 0 , 0.3974805 , 0.3986149 , 0.01023326 , 0.3884571 , 0.0102258 , 0.3684637 , 0.4079734 
45 , 0 , 0.1452461 , 0.1457769 , 0.007175107 , 0.1461935 , 0.006868844 , 0.1330225 , 0.1600556 
46 , 0 , 0.6803649 , 0.6789685 , 0.009716492 , 0.6866971 , 0.009045443 , 0.6694294 , 0.7038111 
47 , 0 , 0.1704265 , 0.1691869 , 0.006672301 , 0.1668213 , 0.005944036 , 0.1557689 , 0.1788477 
48 , 0 , 0.2868603 , 0.2854288 , 0.009064076 , 0.2898191 , 0.008820343 , 0.2729096 , 0.3070844 
49 , 0 , 0.7250156 , 0.7259534 , 0.01381715 , 0.7158223 , 0.01373416 , 0.6879218 , 0.7418421 
50 , 0 , 0.3018587 , 0.3020896 , 0.01592144 , 0.3115567 , 0.01588049 , 0.2822446 , 0.3425361 
51 , 0 , 0.3208119 , 0.3210052 , 0.007958295 , 0.3283344 , 0.008837237 , 0.3113616 , 0.345574 
52 , 0 , 0.3793937 , 0.3820865 , 0.01278116 , 0.3802947 , 0.01412242 , 0.3526161 , 0.4091848 
53 , 0 , 0.1459441 , 0.1448737 , 0.006786211 , 0.1517316 , 0.007212191 , 0.138007 , 0.1658913 
54 , 0 , 0.2985866 , 0.2976471 , 0.00833358 , 0.3013398 , 0.008463747 , 0.2844062 , 0.3168548 
55 , 0 , 0.5973499 , 0.593871 , 0.01382672 , 0.5968753 , 0.01415237 , 0.5666558 , 0.6233773 
56 , 0 , 0.5559385 , 0.5547682 , 0.0144796 , 0.5479383 , 0.0148616 , 0.5190798 , 0.5765514 
57 , 0 , 0.3929019 , 0.3928219 , 0.01299564 , 0.3973737 , 0.013167 , 0.3706791 , 0.4231577 
58 , 0 , 0.4001625 , 0.4010087 , 0.009244788 , 0.3975928 , 0.00987584 , 0.3779541 , 0.4167524 
59 , 0 , 0.3239446 , 0.3220549 , 0.008985585 , 0.3224429 , 0.00859785 , 0.3057545 , 0.3386721 
60 , 0 , 0.7428258 , 0.7423935 , 0.007285214 , 0.7476577 , 0.007966042 , 0.7320533 , 0.762788 
61 , 0 , 0.08157542 , 0.08161161 , 0.003751686 , 0.08132805 , 0.003809516 , 0.07432492 , 0.08904533 
62 , 0 , 0.1852728 , 0.1851653 , 0.01098289 , 0.1853622 , 0.01101801 , 0.1647071 , 0.2077235 
63 , 0 , 0.1793054 , 0.1794256 , 0.007761344 , 0.1778916 , 0.00732037 , 0.1638974 , 0.1918849 
64 , 0 , 0.1190635 , 0.1183552 , 0.005850513 , 0.1239762 , 0.00684782 , 0.1116448 , 0.1375266 
65 , 0 , 0.02659615 , 0.02720472 , 0.002782247 , 0.02858981 , 0.002760814 , 0.02388096 , 0.03498797 
66 , 0 , 0.1347076 , 0.1351385 , 0.005670732 , 0.1388758 , 0.005694707 , 0.1279976 , 0.1502534 
67 , 0 , 0.3340975 , 0.3332406 , 0.01750466 , 0.338755 , 0.01772418 , 0.3057947 , 0.3727784 
68 , 0 , 0.1887985 , 0.1885122 , 0.01023664 , 0.1686059 , 0.01040998 , 0.1481173 , 0.187903 
69 , 0 , 0.5298572 , 0.5281001 , 0.01281295 , 0.5502703 , 0.01369233 , 0.5225987 , 0.5764031 
70 , 0 , 0.3994579 , 0.3975066 , 0.01519896 , 0.4188594 , 0.01383915 , 0.391814 , 0.4446532 
71 , 0 , 0.5055527 , 0.5056718 , 0.01163484 , 0.5061812 , 0.01165223 , 0.4829073 , 0.5292105 
72 , 0 , 0.5915625 , 0.5898084 , 0.009852967 , 0.6001153 , 0.008932834 , 0.5823577 , 0.6171986 
73 , 0 , 0.1326336 , 0.1326715 , 0.004959503 , 0.1398521 , 0.005881612 , 0.1287474 , 0.1512729 
74 , 0 , 0.1984121 , 0.1986852 , 0.0107376 , 0.1985238 , 0.01048934 , 0.178076 , 0.2202546 
75 , 0 , 0.4237372 , 0.4248493 , 0.01556941 , 0.4143424 , 0.01521512 , 0.3852298 , 0.4447078 
76 , 0 , 0.2038256 , 0.2056721 , 0.008204006 , 0.2067754 , 0.008228258 , 0.1906733 , 0.2235125 
77 , 0 , 0.4068671 , 0.4058808 , 0.01433151 , 0.4063323 , 0.01275966 , 0.3801418 , 0.4310704 
78 , 0 , 0.6055139 , 0.603563 , 0.01395193 , 0.6058315 , 0.01412978 , 0.5775174 , 0.6336569 
79 , 0 , 0.4027178 , 0.401256 , 0.01212974 , 0.3879893 , 0.01559141 , 0.3577591 , 0.4175213 
80 , 0 , 0.2361265 , 0.2367149 , 0.0135163 , 0.2535466 , 0.01588503 , 0.2229598 , 0.284707 
81 , 0 , 0.3827141 , 0.380081 , 0.01282062 , 0.3625279 , 0.01397122 , 0.3333933 , 0.3887592 
82 , 0 , 0.5176943 , 0.515069 , 0.01301339 , 0.5187652 , 0.01286598 , 0.4929542 , 0.5427992 
83 , 0 , 0.1678909 , 0.1680043 , 0.01229343 , 0.1705878 , 0.01332995 , 0.1443003 , 0.1961136 
84 , 0 , 0.2553393 , 0.2571077 , 0.007011867 , 0.2635986 , 0.007717692 , 0.2488394 , 0.2798514 
85 , 0 , 0.275041 , 0.2776313 , 0.008560588 , 0.2851264 , 0.008651943 , 0.2682524 , 0.3009975 
86 , 0 , 0.5444057 , 0.5436914 , 0.009659112 , 0.5466363 , 0.009336781 , 0.5283983 , 0.5654744 
87 , 0 , 0.7626155 , 0.7617115 , 0.01017315 , 0.7745019 , 0.009923767 , 0.7529843 , 0.7920179 
88 , 0 , 0.3200633 , 0.3195093 , 0.009954438 , 0.2961619 , 0.009198901 , 0.2781502 , 0.3151691 
89 , 0 , 0.3490041 , 0.3516705 , 0.01854817 , 0.3708411 , 0.01741877 , 0.3388087 , 0.4048524 
90 , 0 , 0.01377243 , 0.01426137 , 0.001702993 , 0.01598885 , 0.002185586 , 0.01262315 , 0.02120655 
91 , 0 , 0.01854575 , 0.018849 , 0.001864594 , 0.0192036 , 0.002017757 , 0.01557608 , 0.0232911 
92 , 0 , 0.1360911 , 0.1367233 , 0.006044566 , 0.1391971 , 0.006256043 , 0.1269161 , 0.1514915 
93 , 0 , 0.1498648 , 0.1491266 , 0.007596558 , 0.1556556 , 0.008416372 , 0.1397651 , 0.1724846 
94 , 0 , 0.4295611 , 0.4291668 , 0.01357529 , 0.4458674 , 0.01597003 , 0.4147627 , 0.4775829 
95 , 0 , 0.04277799 , 0.04337489 , 0.004215475 , 0.05059496 , 0.005018854 , 0.04163985 , 0.0611498 
96 , 0 , 0.09210603 , 0.09421127 , 0.009815707 , 0.1098433 , 0.01152875 , 0.08859862 , 0.1315571 
97 , 0 , 0.7502001 , 0.7498095 , 0.008526505 , 0.7347581 , 0.008930842 , 0.7154922 , 0.7514686 
98 , 0 , 0.2215457 , 0.2238345 , 0.01986298 , 0.2210357 , 0.01867914 , 0.1839711 , 0.257019 
99 , 0 , 0.2220387 , 0.2215098 , 0.009067665 , 0.225666 , 0.009204007 , 0.2071055 , 0.2444509 
100 , 0 , 0.3600584 , 0.3608314 , 0.01242054 , 0.366681 , 0.01136511 , 0.3437723 , 0.3887137 

1 , 0.01 , 0.04992587 , 0.05016383 , 0.004916339 , 0.0528399 , 0.004435191 , 0.04463528 , 0.06183319 
2 , 0.01 , 0.6878449 , 0.6889561 , 0.01120468 , 0.6763808 , 0.0138526 , 0.6485908 , 0.7026121 
3 , 0.01 , 0.3700487 , 0.3689964 , 0.01068268 , 0.359823 , 0.01083679 , 0.3378276 , 0.3802343 
4 , 0.01 , 0.534 , 0.5355417 , 0.0131735 , 0.5349567 , 0.01180595 , 0.5110099 , 0.5575982 
5 , 0.01 , 0.4802118 , 0.4788785 , 0.01155291 , 0.4766272 , 0.01238037 , 0.450619 , 0.5011227 
6 , 0.01 , 0.420811 , 0.4194546 , 0.01244917 , 0.4330808 , 0.0111375 , 0.4119358 , 0.4550389 
7 , 0.01 , 0.4815334 , 0.4806138 , 0.00999945 , 0.4758839 , 0.01182154 , 0.4528527 , 0.4991102 
8 , 0.01 , 0.1456278 , 0.1462133 , 0.008103593 , 0.154018 , 0.008477139 , 0.1381081 , 0.17111 
9 , 0.01 , 0.1452495 , 0.1440581 , 0.01347144 , 0.1513602 , 0.01388856 , 0.1268458 , 0.1797989 
10 , 0.01 , 0.5330455 , 0.5316109 , 0.01090963 , 0.5157384 , 0.01082115 , 0.4932706 , 0.5364807 
11 , 0.01 , 0.167401 , 0.1673632 , 0.006916598 , 0.1771856 , 0.007513668 , 0.1626594 , 0.1925976 
12 , 0.01 , 0.05816379 , 0.05866438 , 0.003600519 , 0.0622139 , 0.004260779 , 0.05423697 , 0.07073814 
13 , 0.01 , 0.3942949 , 0.3943094 , 0.0135461 , 0.3939399 , 0.01196884 , 0.3720037 , 0.4176074 
14 , 0.01 , 0.2452207 , 0.2450458 , 0.008563773 , 0.2349029 , 0.008430179 , 0.2180834 , 0.2508477 
15 , 0.01 , 0.6577165 , 0.6575075 , 0.01218144 , 0.6751355 , 0.01145419 , 0.6510459 , 0.695784 
16 , 0.01 , 0.2009025 , 0.202878 , 0.009085606 , 0.2116874 , 0.009548711 , 0.1933593 , 0.2302479 
17 , 0.01 , 0.1351091 , 0.1369292 , 0.01379423 , 0.1369145 , 0.01308141 , 0.1122836 , 0.1630603 
18 , 0.01 , 0.2114661 , 0.2096273 , 0.01102146 , 0.2086382 , 0.01159161 , 0.1864963 , 0.2331807 
19 , 0.01 , 0.3870603 , 0.3894666 , 0.01155593 , 0.391499 , 0.01048972 , 0.3712348 , 0.4120255 
20 , 0.01 , 0.5824781 , 0.5827159 , 0.01097494 , 0.6078835 , 0.01051268 , 0.5866176 , 0.6283072 
21 , 0.01 , 0.6741181 , 0.6742312 , 0.00899751 , 0.6868269 , 0.009640928 , 0.6670276 , 0.7055433 
22 , 0.01 , 0.1710482 , 0.1706937 , 0.007943304 , 0.1629892 , 0.00766789 , 0.1491217 , 0.177692 
23 , 0.01 , 0.3509194 , 0.3508777 , 0.008805326 , 0.3377591 , 0.008188926 , 0.3226834 , 0.3538019 
24 , 0.01 , 0.3062391 , 0.3061049 , 0.008584444 , 0.3038894 , 0.008460853 , 0.2870914 , 0.3196209 
25 , 0.01 , 0.134484 , 0.1345639 , 0.009539742 , 0.1312868 , 0.009363717 , 0.1137788 , 0.1494285 
26 , 0.01 , 0.2210156 , 0.2193085 , 0.009090705 , 0.2052776 , 0.008139326 , 0.1898508 , 0.2215243 
27 , 0.01 , 0.3939375 , 0.3915032 , 0.01202386 , 0.4015731 , 0.01172779 , 0.3794728 , 0.4237669 
28 , 0.01 , 0.2351993 , 0.2355059 , 0.007525175 , 0.2291737 , 0.0085455 , 0.2143553 , 0.2473149 
29 , 0.01 , 0.3570369 , 0.3555967 , 0.01891748 , 0.3354034 , 0.01721443 , 0.303738 , 0.371344 
30 , 0.01 , 0.5415622 , 0.5398531 , 0.01586705 , 0.5275522 , 0.0160189 , 0.4978416 , 0.55882 
31 , 0.01 , 0.5296247 , 0.5279291 , 0.01121245 , 0.5229797 , 0.01324755 , 0.497416 , 0.5478217 
32 , 0.01 , 0.2210863 , 0.2224316 , 0.007102305 , 0.2196414 , 0.006838342 , 0.2068407 , 0.2334226 
33 , 0.01 , 0.01729906 , 0.01802138 , 0.001981142 , 0.02150334 , 0.002444224 , 0.01705499 , 0.02672734 
34 , 0.01 , 0.67077 , 0.6704365 , 0.0141676 , 0.6609394 , 0.01509912 , 0.6300949 , 0.6876493 
35 , 0.01 , 0.5336912 , 0.5327009 , 0.01044329 , 0.5208611 , 0.01210912 , 0.4968267 , 0.5439239 
36 , 0.01 , 0.4049754 , 0.4055328 , 0.0125678 , 0.4086218 , 0.01223371 , 0.3856473 , 0.434496 
37 , 0.01 , 0.1543384 , 0.1546237 , 0.007869218 , 0.1684303 , 0.009585022 , 0.1498361 , 0.1869804 
38 , 0.01 , 0.4071153 , 0.4060221 , 0.01305694 , 0.4064766 , 0.01063975 , 0.3875486 , 0.4290373 
39 , 0.01 , 0.5040099 , 0.5042529 , 0.01029592 , 0.5157136 , 0.01173031 , 0.4932256 , 0.5391502 
40 , 0.01 , 0.1519768 , 0.1526827 , 0.005345425 , 0.1468921 , 0.006150921 , 0.134039 , 0.1585328 
41 , 0.01 , 0.2864653 , 0.2865176 , 0.01209975 , 0.271552 , 0.01151034 , 0.2481708 , 0.294287 
42 , 0.01 , 0.3715614 , 0.3737951 , 0.01178385 , 0.3841462 , 0.01254872 , 0.3594735 , 0.4090646 
43 , 0.01 , 0.5085551 , 0.5094487 , 0.01217406 , 0.5278342 , 0.01191506 , 0.5047929 , 0.5510342 
44 , 0.01 , 0.3499589 , 0.3506972 , 0.01125118 , 0.3556527 , 0.01163422 , 0.3318746 , 0.378628 
45 , 0.01 , 0.4281733 , 0.4257013 , 0.01146439 , 0.4198644 , 0.01180703 , 0.3961819 , 0.4422219 
46 , 0.01 , 0.3928168 , 0.3921482 , 0.01384767 , 0.3692636 , 0.01354619 , 0.3429786 , 0.3963863 
47 , 0.01 , 0.3726931 , 0.3719221 , 0.01310925 , 0.3812206 , 0.01194175 , 0.3583051 , 0.4041535 
48 , 0.01 , 0.4108939 , 0.4095363 , 0.01182197 , 0.4256142 , 0.01306513 , 0.3999818 , 0.4503933 
49 , 0.01 , 0.3584824 , 0.3591292 , 0.009600366 , 0.3462566 , 0.009686647 , 0.3270556 , 0.3644904 
50 , 0.01 , 0.5005874 , 0.5013126 , 0.01074883 , 0.4992199 , 0.01136985 , 0.4764194 , 0.5205216 
51 , 0.01 , 0.4252791 , 0.4250841 , 0.009525223 , 0.4185542 , 0.01057909 , 0.398382 , 0.4392138 
52 , 0.01 , 0.1553713 , 0.1557698 , 0.007299355 , 0.1771877 , 0.007830152 , 0.1621611 , 0.1942627 
53 , 0.01 , 0.3289387 , 0.3309984 , 0.01333533 , 0.3285819 , 0.01635999 , 0.2973724 , 0.3610937 
54 , 0.01 , 0.3010546 , 0.300045 , 0.01258278 , 0.3199811 , 0.01091415 , 0.2993482 , 0.3407969 
55 , 0.01 , 0.5332261 , 0.5315574 , 0.01035925 , 0.5311941 , 0.01117457 , 0.5105732 , 0.5539203 
56 , 0.01 , 0.2861882 , 0.2865391 , 0.01010447 , 0.2834164 , 0.009776548 , 0.2647317 , 0.3019528 
57 , 0.01 , 0.272116 , 0.2718966 , 0.01575691 , 0.2784394 , 0.01556934 , 0.2473741 , 0.3093978 
58 , 0.01 , 0.3064312 , 0.3056552 , 0.01046452 , 0.3079434 , 0.009737395 , 0.2892626 , 0.3275276 
59 , 0.01 , 0.4204111 , 0.4194367 , 0.007536359 , 0.4129956 , 0.007964945 , 0.3975996 , 0.4282434 
60 , 0.01 , 0.1673605 , 0.1695083 , 0.009702633 , 0.1668754 , 0.00874608 , 0.1510356 , 0.1847531 
61 , 0.01 , 0.4656201 , 0.4639414 , 0.01644554 , 0.4966281 , 0.01877822 , 0.4581588 , 0.5325581 
62 , 0.01 , 0.2994383 , 0.3003228 , 0.00898077 , 0.2861205 , 0.009027632 , 0.2676634 , 0.3052963 
63 , 0.01 , 0.3424364 , 0.3434884 , 0.01389617 , 0.3477986 , 0.012693 , 0.32245 , 0.3714662 
64 , 0.01 , 0.3718185 , 0.3722308 , 0.01061973 , 0.3748574 , 0.009755494 , 0.3560731 , 0.3941402 
65 , 0.01 , 0.05615298 , 0.05978348 , 0.01342264 , 0.05602033 , 0.01168926 , 0.03867941 , 0.08321468 
66 , 0.01 , 0.4960795 , 0.4957093 , 0.01049974 , 0.4895035 , 0.01116129 , 0.4675952 , 0.5101105 
67 , 0.01 , 0.1241705 , 0.1234651 , 0.005584183 , 0.1203714 , 0.005631957 , 0.1094901 , 0.1314067 
68 , 0.01 , 0.1569341 , 0.1567636 , 0.007043981 , 0.1595171 , 0.006955666 , 0.1463495 , 0.1737332 
69 , 0.01 , 0.08660043 , 0.08726414 , 0.004890114 , 0.0860508 , 0.004614011 , 0.07747639 , 0.0953401 
70 , 0.01 , 0.2043555 , 0.2045038 , 0.007557466 , 0.1951069 , 0.007842612 , 0.1803638 , 0.210892 
71 , 0.01 , 0.1260172 , 0.1264327 , 0.009360814 , 0.1300929 , 0.009469445 , 0.1129578 , 0.1497549 
72 , 0.01 , 0.489217 , 0.4880837 , 0.01056442 , 0.5029389 , 0.01155832 , 0.4803061 , 0.525056 
73 , 0.01 , 0.1240586 , 0.1271529 , 0.008325638 , 0.1429386 , 0.01351004 , 0.1202132 , 0.171322 
74 , 0.01 , 0.2453633 , 0.2440816 , 0.006803113 , 0.2475447 , 0.007626117 , 0.2321034 , 0.2621373 
75 , 0.01 , 0.1741106 , 0.1725145 , 0.01274538 , 0.2005455 , 0.01551457 , 0.1715153 , 0.2320666 
76 , 0.01 , 0.04862183 , 0.04950017 , 0.004735789 , 0.0492815 , 0.004108092 , 0.04178714 , 0.05756631 
77 , 0.01 , 0.643706 , 0.6404298 , 0.01202688 , 0.6303777 , 0.01215491 , 0.6048863 , 0.6541707 
78 , 0.01 , 0.3357398 , 0.3354723 , 0.007981229 , 0.3382123 , 0.007533712 , 0.3242158 , 0.352435 
79 , 0.01 , 0.1490034 , 0.1500901 , 0.00998796 , 0.1498459 , 0.009050279 , 0.1326355 , 0.1690755 
80 , 0.01 , 0.3824753 , 0.3822906 , 0.009174749 , 0.3814006 , 0.00912782 , 0.3632542 , 0.3981332 
81 , 0.01 , 0.2060527 , 0.2076814 , 0.007239688 , 0.1985652 , 0.00719721 , 0.1842051 , 0.212618 
82 , 0.01 , 0.2937688 , 0.2928184 , 0.007123317 , 0.2938796 , 0.007859964 , 0.2784113 , 0.3102463 
83 , 0.01 , 0.1694397 , 0.1683322 , 0.008348649 , 0.1721621 , 0.008417494 , 0.1570538 , 0.1891205 
84 , 0.01 , 0.2759269 , 0.2754528 , 0.01001422 , 0.2721249 , 0.01040131 , 0.2532687 , 0.2933628 
85 , 0.01 , 0.2685231 , 0.2685128 , 0.0118101 , 0.2655162 , 0.01226754 , 0.2416259 , 0.2886776 
86 , 0.01 , 0.3081187 , 0.3087758 , 0.008632157 , 0.3209812 , 0.008211513 , 0.3056729 , 0.3373063 
87 , 0.01 , 0.2871465 , 0.2882599 , 0.006809108 , 0.2877231 , 0.007503238 , 0.27443 , 0.3033967 
88 , 0.01 , 0.4147822 , 0.4134009 , 0.01197517 , 0.406625 , 0.01137072 , 0.3841586 , 0.4292452 
89 , 0.01 , 0.1955162 , 0.195027 , 0.008524423 , 0.1971034 , 0.009383785 , 0.1797099 , 0.2157942 
90 , 0.01 , 0.6319713 , 0.6302537 , 0.01239778 , 0.6467922 , 0.01174682 , 0.6233908 , 0.6672143 
91 , 0.01 , 0.3644664 , 0.3621174 , 0.01661206 , 0.3531241 , 0.01654985 , 0.3198724 , 0.3853765 
92 , 0.01 , 0.2864188 , 0.2866416 , 0.01075354 , 0.2939527 , 0.01086477 , 0.2732671 , 0.315711 
93 , 0.01 , 0.3333031 , 0.3343071 , 0.00842347 , 0.3320835 , 0.008061814 , 0.316136 , 0.3477679 
94 , 0.01 , 0.3104015 , 0.309838 , 0.009974561 , 0.3171422 , 0.01053211 , 0.2974318 , 0.3386728 
95 , 0.01 , 0.2738448 , 0.2756539 , 0.008679055 , 0.2683491 , 0.008988029 , 0.2512198 , 0.2852436 
96 , 0.01 , 0.6067959 , 0.6052219 , 0.01006801 , 0.6235937 , 0.01192429 , 0.5999241 , 0.6463802 
97 , 0.01 , 0.05269007 , 0.05698069 , 0.01462326 , 0.06991413 , 0.01909427 , 0.03940993 , 0.1108487 
98 , 0.01 , 0.2297964 , 0.2311571 , 0.009090396 , 0.2330711 , 0.008373194 , 0.2175509 , 0.2511003 
99 , 0.01 , 0.2541945 , 0.2542335 , 0.01318272 , 0.2560151 , 0.01265038 , 0.2300039 , 0.2788019 
100 , 0.01 , 0.6966397 , 0.6958438 , 0.007682517 , 0.7021524 , 0.008249263 , 0.6863583 , 0.7178583 

1 , 0.05 , 0.07417905 , 0.07532633 , 0.006307273 , 0.08500664 , 0.006809376 , 0.07207721 , 0.0990394 
2 , 0.05 , 0.1529914 , 0.1543829 , 0.008263885 , 0.1549232 , 0.009084694 , 0.1378073 , 0.1731356 
3 , 0.05 , 0.1059591 , 0.1081099 , 0.009044317 , 0.1167911 , 0.00793545 , 0.1005253 , 0.1316886 
4 , 0.05 , 0.0288489 , 0.0300727 , 0.00490182 , 0.03278709 , 0.005046807 , 0.02332207 , 0.04325709 
5 , 0.05 , 0.2019513 , 0.2015115 , 0.007050191 , 0.1978985 , 0.007275045 , 0.1832032 , 0.2123353 
6 , 0.05 , 0.1881225 , 0.1881348 , 0.01251927 , 0.1865377 , 0.01110636 , 0.1658048 , 0.207191 
7 , 0.05 , 0.0747914 , 0.07563257 , 0.006735842 , 0.07493987 , 0.006336271 , 0.0623167 , 0.08731364 
8 , 0.05 , 0.306748 , 0.3073192 , 0.00939495 , 0.3107027 , 0.01086448 , 0.2892317 , 0.3320037 
9 , 0.05 , 0.02166439 , 0.02313821 , 0.003767106 , 0.02254852 , 0.004224929 , 0.015237 , 0.03130331 
10 , 0.05 , 0.02666581 , 0.02765013 , 0.003809537 , 0.02833241 , 0.003891926 , 0.02090301 , 0.03585264 
11 , 0.05 , 0.1165386 , 0.1185416 , 0.009126207 , 0.109436 , 0.008753918 , 0.0927048 , 0.1270093 
12 , 0.05 , 0.09723152 , 0.09864785 , 0.006573352 , 0.09088693 , 0.007923016 , 0.07630892 , 0.107801 
13 , 0.05 , 0.1507831 , 0.1521897 , 0.009030628 , 0.1762761 , 0.009232113 , 0.1585763 , 0.1943493 
14 , 0.05 , 0.210448 , 0.2130587 , 0.01101529 , 0.1951512 , 0.01003161 , 0.1750154 , 0.2139714 
15 , 0.05 , 0.1395879 , 0.1413442 , 0.007240928 , 0.1370444 , 0.007416811 , 0.1231546 , 0.152583 
16 , 0.05 , 0.07630986 , 0.07770039 , 0.007192762 , 0.08713832 , 0.0081126 , 0.07186806 , 0.1027351 
17 , 0.05 , 0.05724246 , 0.05848883 , 0.007368111 , 0.05530752 , 0.006533253 , 0.04246968 , 0.06881645 
18 , 0.05 , 0.1625959 , 0.1617957 , 0.007790543 , 0.1606829 , 0.007881475 , 0.1452388 , 0.1763171 
19 , 0.05 , 0.05006502 , 0.0523 , 0.005454033 , 0.06300917 , 0.006427541 , 0.05115628 , 0.07570013 
20 , 0.05 , 0.1499563 , 0.1506971 , 0.009789232 , 0.1631929 , 0.009051599 , 0.1457224 , 0.1806336 
21 , 0.05 , 0.3018284 , 0.3043108 , 0.01287849 , 0.3141626 , 0.01224915 , 0.2899788 , 0.3365624 
22 , 0.05 , 0.1615628 , 0.1635618 , 0.009088179 , 0.1523318 , 0.009098872 , 0.1356368 , 0.1710852 
23 , 0.05 , 0.07110786 , 0.07178972 , 0.006158732 , 0.06608069 , 0.005739582 , 0.05468469 , 0.07774182 
24 , 0.05 , 0.108811 , 0.1081897 , 0.008295135 , 0.098038 , 0.0078606 , 0.08235064 , 0.1135918 
25 , 0.05 , 0.1450954 , 0.1465004 , 0.009031121 , 0.1676902 , 0.01046509 , 0.1462649 , 0.1885794 
26 , 0.05 , 0.09412542 , 0.09682017 , 0.007713893 , 0.09701225 , 0.0086077 , 0.08031603 , 0.1145676 
27 , 0.05 , 0.1975639 , 0.19866 , 0.01088567 , 0.1966563 , 0.01096571 , 0.1774724 , 0.2184993 
28 , 0.05 , 0.2569557 , 0.2581384 , 0.009786614 , 0.2562756 , 0.01038051 , 0.2351785 , 0.2762724 
29 , 0.05 , 0.04520823 , 0.04575466 , 0.004861295 , 0.04981255 , 0.005005089 , 0.04077929 , 0.06007459 
30 , 0.05 , 0.03293088 , 0.03501349 , 0.005760015 , 0.0315913 , 0.004884659 , 0.02233128 , 0.04137155 
31 , 0.05 , 0.1451639 , 0.1462673 , 0.007372285 , 0.1493607 , 0.007268966 , 0.1351383 , 0.163422 
32 , 0.05 , 0.3560053 , 0.3571995 , 0.009742535 , 0.3540939 , 0.01080509 , 0.3322944 , 0.3744621 
33 , 0.05 , 0.1194856 , 0.1199345 , 0.009616538 , 0.1355732 , 0.0101053 , 0.1162268 , 0.1557847 
34 , 0.05 , 0.4713513 , 0.4701247 , 0.01084273 , 0.4743704 , 0.01018975 , 0.4544921 , 0.494043 
35 , 0.05 , 0.1963883 , 0.1983221 , 0.01080806 , 0.1946705 , 0.01052937 , 0.1735864 , 0.2159074 
36 , 0.05 , 0.2470539 , 0.2483854 , 0.01005917 , 0.2612855 , 0.0107506 , 0.240391 , 0.2819425 
37 , 0.05 , 0.01541776 , 0.01659708 , 0.003115985 , 0.01509081 , 0.002962669 , 0.009339658 , 0.02127063 
38 , 0.05 , 0.3223117 , 0.3205006 , 0.01086063 , 0.3306102 , 0.01228952 , 0.3069684 , 0.3545436 
39 , 0.05 , 0.1721347 , 0.1734731 , 0.008172949 , 0.1713726 , 0.009302792 , 0.1541527 , 0.1893055 
40 , 0.05 , 0.149912 , 0.1510422 , 0.01007744 , 0.164632 , 0.01012524 , 0.1427397 , 0.1834937 
41 , 0.05 , 0.09662679 , 0.09653143 , 0.008442446 , 0.08601933 , 0.007941373 , 0.0707426 , 0.1012867 
42 , 0.05 , 0.06717988 , 0.06728905 , 0.00764072 , 0.07693314 , 0.008861395 , 0.06035007 , 0.09581307 
43 , 0.05 , 0.3806957 , 0.3829436 , 0.01366849 , 0.3719018 , 0.0140404 , 0.3449409 , 0.3983582 
44 , 0.05 , 0.2758317 , 0.277131 , 0.009392293 , 0.2828628 , 0.01036763 , 0.2620205 , 0.3015138 
45 , 0.05 , 0.2355599 , 0.2339469 , 0.01002227 , 0.2243911 , 0.01058617 , 0.2038044 , 0.2462336 
46 , 0.05 , 0.06834533 , 0.06924093 , 0.00643937 , 0.07413917 , 0.006745739 , 0.0614509 , 0.08737348 
47 , 0.05 , 0.1997993 , 0.1984428 , 0.01154849 , 0.2284949 , 0.012119 , 0.2064878 , 0.254102 
48 , 0.05 , 0.3507421 , 0.3525394 , 0.01241311 , 0.3596771 , 0.01071277 , 0.3385866 , 0.3803516 
49 , 0.05 , 0.2163895 , 0.2167398 , 0.01098604 , 0.2136058 , 0.01034215 , 0.1929697 , 0.2338363 
50 , 0.05 , 0.2870361 , 0.2850954 , 0.01064886 , 0.2853498 , 0.00952174 , 0.2672465 , 0.3049327 
51 , 0.05 , 0.184223 , 0.1843429 , 0.009855309 , 0.1918772 , 0.009606609 , 0.1731396 , 0.2113343 
52 , 0.05 , 0.08485162 , 0.0862164 , 0.007318529 , 0.1024658 , 0.006881291 , 0.08920399 , 0.115539 
53 , 0.05 , 0.01657148 , 0.0186987 , 0.004702309 , 0.01552343 , 0.003714649 , 0.01003414 , 0.0244381 
54 , 0.05 , 0.4640709 , 0.4639725 , 0.009024756 , 0.4605587 , 0.01039552 , 0.4399352 , 0.4798902 
55 , 0.05 , 0.1090521 , 0.1111192 , 0.009267909 , 0.1155901 , 0.00878735 , 0.09897506 , 0.1328399 
56 , 0.05 , 0.1254502 , 0.1282792 , 0.009881533 , 0.1278585 , 0.01023664 , 0.1070659 , 0.1486698 
57 , 0.05 , 0.1991419 , 0.199667 , 0.007589469 , 0.2074975 , 0.008471332 , 0.1910259 , 0.2233168 
58 , 0.05 , 0.06308301 , 0.06367373 , 0.007063222 , 0.06879556 , 0.00593784 , 0.05721431 , 0.08006401 
59 , 0.05 , 0.1377085 , 0.1381504 , 0.009822623 , 0.1360253 , 0.009670997 , 0.1178758 , 0.1557652 
60 , 0.05 , 0.1314103 , 0.1330549 , 0.00922474 , 0.1318212 , 0.008440162 , 0.1150917 , 0.1484015 
61 , 0.05 , 0.1960635 , 0.1959583 , 0.01074548 , 0.2007114 , 0.01106613 , 0.1787195 , 0.2214424 
62 , 0.05 , 0.3421642 , 0.3426201 , 0.01198703 , 0.3097261 , 0.01018415 , 0.2913846 , 0.3299392 
63 , 0.05 , 0.08882521 , 0.08668639 , 0.00983484 , 0.08482638 , 0.01082407 , 0.06459489 , 0.104996 
64 , 0.05 , 0.04758713 , 0.04897828 , 0.0062585 , 0.04988387 , 0.006352665 , 0.03755638 , 0.06230669 
65 , 0.05 , 0.2362434 , 0.2366766 , 0.01167983 , 0.2434902 , 0.01066067 , 0.2238296 , 0.2640192 
66 , 0.05 , 0.337241 , 0.3387714 , 0.01247526 , 0.355582 , 0.01238848 , 0.3311597 , 0.3789037 
67 , 0.05 , 0.1069757 , 0.1077843 , 0.008373195 , 0.0960098 , 0.00876761 , 0.07884571 , 0.1139467 
68 , 0.05 , 0.0849242 , 0.08644557 , 0.006693965 , 0.083135 , 0.006726587 , 0.07069814 , 0.09621001 
69 , 0.05 , 0.05432454 , 0.0564338 , 0.005239871 , 0.05325221 , 0.005005332 , 0.04389162 , 0.06335675 
70 , 0.05 , 0.02405395 , 0.02489386 , 0.004169509 , 0.0197577 , 0.003698183 , 0.01306816 , 0.02767519 
71 , 0.05 , 0.02483771 , 0.0250755 , 0.003794551 , 0.02808108 , 0.003554541 , 0.02155766 , 0.03535683 
72 , 0.05 , 0.22935 , 0.2276431 , 0.01463091 , 0.2399281 , 0.01287021 , 0.2158043 , 0.2658725 
73 , 0.05 , 0.1804942 , 0.1838855 , 0.01049408 , 0.1811518 , 0.01005816 , 0.1631936 , 0.2013345 
74 , 0.05 , 0.1557894 , 0.1561355 , 0.008096037 , 0.1601386 , 0.00919498 , 0.1420531 , 0.178565 
75 , 0.05 , 0.02223843 , 0.0237808 , 0.003602451 , 0.0250871 , 0.004038666 , 0.01763619 , 0.03308511 
76 , 0.05 , 0.2371931 , 0.2379464 , 0.009709786 , 0.2356232 , 0.01021719 , 0.2147164 , 0.2551105 
77 , 0.05 , 0.0870361 , 0.08899438 , 0.008709257 , 0.09126435 , 0.008799776 , 0.07389518 , 0.1089113 
78 , 0.05 , 0.09999582 , 0.09957737 , 0.007711148 , 0.1227172 , 0.008425823 , 0.1064698 , 0.1398004 
79 , 0.05 , 0.1604825 , 0.16123 , 0.008884262 , 0.1636986 , 0.008939003 , 0.1466745 , 0.1819478 
80 , 0.05 , 0.2414086 , 0.2431168 , 0.01011306 , 0.2486797 , 0.01017447 , 0.2293909 , 0.2689567 
81 , 0.05 , 0.05384473 , 0.05467573 , 0.005765855 , 0.05629496 , 0.006349789 , 0.04426514 , 0.06848022 
82 , 0.05 , 0.06241098 , 0.06255218 , 0.007664757 , 0.05911016 , 0.006661873 , 0.04700227 , 0.07309775 
83 , 0.05 , 0.1323611 , 0.1334406 , 0.01040237 , 0.1336449 , 0.01127354 , 0.1125219 , 0.1545655 
84 , 0.05 , 0.04122031 , 0.04280696 , 0.006399857 , 0.04060645 , 0.005864339 , 0.02982821 , 0.05290263 
85 , 0.05 , 0.2960713 , 0.2971604 , 0.01045265 , 0.2879963 , 0.009913762 , 0.2700434 , 0.3077522 
86 , 0.05 , 0.04616431 , 0.0486919 , 0.005304533 , 0.0533101 , 0.006231359 , 0.04131085 , 0.06595214 
87 , 0.05 , 0.03713708 , 0.03912298 , 0.005876964 , 0.04847448 , 0.006666293 , 0.03608632 , 0.06196511 
88 , 0.05 , 0.2261263 , 0.2270074 , 0.008756066 , 0.2298736 , 0.009114038 , 0.211981 , 0.2468863 
89 , 0.05 , 0.02602286 , 0.02796606 , 0.004872123 , 0.02930264 , 0.004820431 , 0.02010665 , 0.03888564 
90 , 0.05 , 0.269024 , 0.2713866 , 0.009147805 , 0.2794453 , 0.009822428 , 0.2600115 , 0.2980363 
91 , 0.05 , 0.4304597 , 0.430326 , 0.01082053 , 0.4362192 , 0.01056175 , 0.4135536 , 0.4562797 
92 , 0.05 , 0.07570674 , 0.07757935 , 0.007346488 , 0.07705694 , 0.007943271 , 0.06133936 , 0.09341417 
93 , 0.05 , 0.2291105 , 0.2301428 , 0.01189077 , 0.2414423 , 0.01093652 , 0.2213131 , 0.2624687 
94 , 0.05 , 0.03105147 , 0.03246999 , 0.00475354 , 0.03198225 , 0.004887629 , 0.0227859 , 0.04161278 
95 , 0.05 , 0.1995037 , 0.2008806 , 0.01113475 , 0.2204901 , 0.01113471 , 0.1987099 , 0.2421465 
96 , 0.05 , 0.03545545 , 0.03694934 , 0.004814613 , 0.03751304 , 0.004557551 , 0.0291278 , 0.04748944 
97 , 0.05 , 0.1664997 , 0.168948 , 0.009537676 , 0.1678313 , 0.009527105 , 0.1495304 , 0.1877086 
98 , 0.05 , 0.01813123 , 0.0195141 , 0.003976841 , 0.02720626 , 0.004593803 , 0.01818751 , 0.03661989 
99 , 0.05 , 0.1318414 , 0.1337958 , 0.009656569 , 0.125457 , 0.008828572 , 0.1093853 , 0.1433882 
100 , 0.05 , 0.152997 , 0.1541004 , 0.008385611 , 0.1541029 , 0.008943329 , 0.1367988 , 0.1718196 

1 , 0.1 , 0.1013006 , 0.104002 , 0.008903844 , 0.1090859 , 0.008929468 , 0.09249582 , 0.1269042 
2 , 0.1 , 0.01650983 , 0.01878314 , 0.004864006 , 0.01738698 , 0.004013467 , 0.01028055 , 0.02607436 
3 , 0.1 , 0.01061249 , 0.01259849 , 0.003472081 , 0.01304346 , 0.003482944 , 0.006588155 , 0.02025982 
4 , 0.1 , 0.009548613 , 0.0119576 , 0.003443724 , 0.0147383 , 0.003807838 , 0.008249606 , 0.02332441 
5 , 0.1 , 0.04250871 , 0.04515682 , 0.005934282 , 0.04518573 , 0.005894642 , 0.03418993 , 0.05750661 
6 , 0.1 , 0.07388182 , 0.07549505 , 0.005710957 , 0.08218197 , 0.006833461 , 0.06819405 , 0.09544759 
7 , 0.1 , 0.05015863 , 0.05321202 , 0.008274893 , 0.06658297 , 0.008186783 , 0.05165103 , 0.08279788 
8 , 0.1 , 0.02731289 , 0.0285658 , 0.004889006 , 0.0412274 , 0.006676119 , 0.02894438 , 0.0552114 
9 , 0.1 , 0.01813279 , 0.01943458 , 0.003596967 , 0.02038124 , 0.00374928 , 0.01321001 , 0.02792643 
10 , 0.1 , 0.1733906 , 0.1757466 , 0.01056409 , 0.177569 , 0.01099847 , 0.1564914 , 0.1981588 
11 , 0.1 , 0.0379905 , 0.03955833 , 0.005150962 , 0.04964291 , 0.006216202 , 0.03802157 , 0.06225388 
12 , 0.1 , 0.068818 , 0.07181192 , 0.006637411 , 0.06713846 , 0.006704088 , 0.05453464 , 0.07991473 
13 , 0.1 , 0.2094245 , 0.2114469 , 0.009439403 , 0.2091043 , 0.01014929 , 0.1889569 , 0.2286086 
14 , 0.1 , 0.09757321 , 0.09849127 , 0.008060122 , 0.1073964 , 0.009453819 , 0.08863244 , 0.1257322 
15 , 0.1 , 0.01131012 , 0.01307495 , 0.003796633 , 0.01134109 , 0.003111484 , 0.005883957 , 0.01788038 
16 , 0.1 , 0.01408806 , 0.01672927 , 0.003552489 , 0.01661149 , 0.003863057 , 0.009898168 , 0.02492653 
17 , 0.1 , 0.1494359 , 0.1504226 , 0.008626453 , 0.1554788 , 0.008893201 , 0.1384996 , 0.1741006 
18 , 0.1 , 0.11845 , 0.1204908 , 0.008625951 , 0.1175799 , 0.008546118 , 0.1014924 , 0.1353233 
19 , 0.1 , 0.02627308 , 0.02795323 , 0.004203815 , 0.03173302 , 0.004592037 , 0.02327779 , 0.04100432 
20 , 0.1 , 0.003555546 , 0.004872451 , 0.001721231 , 0.005952319 , 0.001937869 , 0.002756289 , 0.01005674 
21 , 0.1 , 0.0602856 , 0.06161914 , 0.006434715 , 0.07273008 , 0.00739532 , 0.05875026 , 0.08741581 
22 , 0.1 , 0.03517721 , 0.03726793 , 0.006755129 , 0.04940159 , 0.00698118 , 0.03629407 , 0.06281532 
23 , 0.1 , 0.05078625 , 0.05284583 , 0.005710984 , 0.05216545 , 0.006346722 , 0.03997558 , 0.06450613 
24 , 0.1 , 0.03083013 , 0.03259455 , 0.00493193 , 0.03331373 , 0.005252212 , 0.02314663 , 0.04390678 
25 , 0.1 , 0.1219121 , 0.1221064 , 0.01041458 , 0.135401 , 0.00954218 , 0.116535 , 0.1542355 
26 , 0.1 , 0.01796412 , 0.0194958 , 0.003967089 , 0.01823307 , 0.004159429 , 0.01067313 , 0.02727335 
27 , 0.1 , 0.1358708 , 0.1368101 , 0.009375981 , 0.125953 , 0.009845365 , 0.1054863 , 0.1447824 
28 , 0.1 , 0.2006573 , 0.2008935 , 0.009360303 , 0.2152049 , 0.009458753 , 0.196894 , 0.2344466 
29 , 0.1 , 0.0842136 , 0.08520655 , 0.007180861 , 0.08498406 , 0.00755379 , 0.07119958 , 0.09961472 
30 , 0.1 , 0.04263363 , 0.0455705 , 0.005504413 , 0.04756976 , 0.006441111 , 0.03542004 , 0.06077341 
31 , 0.1 , 0.02196721 , 0.02281045 , 0.004283882 , 0.01692503 , 0.003604921 , 0.01067626 , 0.02480704 
32 , 0.1 , 0.2958616 , 0.2957677 , 0.01094771 , 0.3018203 , 0.01100039 , 0.2800296 , 0.3225185 
33 , 0.1 , 0.02670877 , 0.02801007 , 0.00452117 , 0.03562045 , 0.005384858 , 0.02523038 , 0.04679242 
34 , 0.1 , 0.09099546 , 0.09201019 , 0.008605841 , 0.08964588 , 0.007802385 , 0.07445803 , 0.1059656 
35 , 0.1 , 0.1793245 , 0.1810549 , 0.008531386 , 0.185437 , 0.009721932 , 0.1674983 , 0.2050981 
36 , 0.1 , 0.1787141 , 0.1798633 , 0.01980443 , 0.2100472 , 0.02361172 , 0.1673287 , 0.2561685 
37 , 0.1 , 0.03147144 , 0.03401899 , 0.005621843 , 0.02475069 , 0.004772784 , 0.01595438 , 0.03426253 
38 , 0.1 , 0.04340155 , 0.04471089 , 0.005452698 , 0.0524771 , 0.006694356 , 0.03943009 , 0.06601211 
39 , 0.1 , 0.02347768 , 0.02576872 , 0.00472833 , 0.0330992 , 0.005370637 , 0.02344383 , 0.04426069 
40 , 0.1 , 0.06595833 , 0.06659366 , 0.006681074 , 0.07758986 , 0.007301356 , 0.06421834 , 0.09220947 
41 , 0.1 , 0.07630815 , 0.07881644 , 0.007926521 , 0.0785775 , 0.008265791 , 0.06302848 , 0.09582826 
42 , 0.1 , 0.1898982 , 0.1911636 , 0.01075305 , 0.1808525 , 0.009954566 , 0.1605151 , 0.1997299 
43 , 0.1 , 0.1060567 , 0.1068726 , 0.008916569 , 0.104439 , 0.00864454 , 0.08835548 , 0.1209316 
44 , 0.1 , 0.04951341 , 0.05199231 , 0.007325629 , 0.04839095 , 0.005713797 , 0.03763246 , 0.059527 
45 , 0.1 , 0.03128349 , 0.03343155 , 0.005110334 , 0.03484607 , 0.005569621 , 0.02494746 , 0.04626387 
46 , 0.1 , 0.0180466 , 0.02026869 , 0.004245173 , 0.01887419 , 0.004114788 , 0.01173617 , 0.02736976 
47 , 0.1 , 0.1917465 , 0.1908753 , 0.009876104 , 0.1987338 , 0.01009946 , 0.1788933 , 0.2185196 
48 , 0.1 , 0.008332558 , 0.009681446 , 0.002658609 , 0.00909089 , 0.002471951 , 0.004862031 , 0.01483431 
49 , 0.1 , 0.2378046 , 0.2393791 , 0.01232734 , 0.2657814 , 0.01182979 , 0.2427534 , 0.2868194 
50 , 0.1 , 0.1331624 , 0.1351701 , 0.01018294 , 0.1299578 , 0.009020291 , 0.1127788 , 0.1476485 
51 , 0.1 , 0.2172357 , 0.2187502 , 0.01016971 , 0.2181492 , 0.0118883 , 0.1935335 , 0.2409441 
52 , 0.1 , 0.01703644 , 0.01878494 , 0.003632895 , 0.01578398 , 0.003592605 , 0.009511262 , 0.02332141 
53 , 0.1 , 0.0386614 , 0.04107201 , 0.004810975 , 0.04251107 , 0.005401036 , 0.03265581 , 0.05372663 
54 , 0.1 , 0.05291336 , 0.05439642 , 0.006922414 , 0.04634595 , 0.006128732 , 0.03422632 , 0.05878963 
55 , 0.1 , 0.07797363 , 0.07858812 , 0.007540742 , 0.09434919 , 0.007784254 , 0.07949211 , 0.1097244 
56 , 0.1 , 0.03273641 , 0.03440996 , 0.005376509 , 0.04625574 , 0.00589553 , 0.0348566 , 0.05852936 
57 , 0.1 , 0.01760258 , 0.0201331 , 0.004424136 , 0.02626413 , 0.004962498 , 0.01707125 , 0.03624805 
58 , 0.1 , 0.02653248 , 0.02819785 , 0.004627717 , 0.03205512 , 0.00519047 , 0.0227106 , 0.04309116 
59 , 0.1 , 0.1438135 , 0.1448625 , 0.009808948 , 0.1431266 , 0.009476967 , 0.1245047 , 0.1624687 
60 , 0.1 , 0.03030097 , 0.03282524 , 0.005015086 , 0.02863314 , 0.004858076 , 0.01992567 , 0.03848705 
61 , 0.1 , 0.09227398 , 0.09315967 , 0.006847141 , 0.1083781 , 0.008208977 , 0.09297686 , 0.1245932 
62 , 0.1 , 0.07654047 , 0.07823046 , 0.007212928 , 0.0927229 , 0.007723508 , 0.07842691 , 0.1084357 
63 , 0.1 , 0.06362267 , 0.06449617 , 0.008283765 , 0.06500027 , 0.007569833 , 0.05073494 , 0.08036142 
64 , 0.1 , 0.03294359 , 0.03535556 , 0.004463766 , 0.03185521 , 0.004613464 , 0.02392323 , 0.04141874 
65 , 0.1 , 0.1673896 , 0.1673954 , 0.008175076 , 0.1695773 , 0.009375983 , 0.1515345 , 0.1868582 
66 , 0.1 , 0.01587273 , 0.01862843 , 0.00427939 , 0.01864134 , 0.004401583 , 0.0110312 , 0.02802966 
67 , 0.1 , 0.011074 , 0.01288336 , 0.003540419 , 0.01682367 , 0.004497826 , 0.009034885 , 0.02666988 
68 , 0.1 , 0.07357786 , 0.07458287 , 0.007116853 , 0.09341724 , 0.007655903 , 0.07818082 , 0.1085953 
69 , 0.1 , 0.02307571 , 0.02510755 , 0.004633657 , 0.02709583 , 0.004933207 , 0.01809148 , 0.03754961 
70 , 0.1 , 0.07342836 , 0.07610484 , 0.007186424 , 0.07985439 , 0.006998535 , 0.06641081 , 0.09412788 
71 , 0.1 , 0.063337 , 0.06616919 , 0.00643299 , 0.06210365 , 0.006958456 , 0.04883794 , 0.07590963 
72 , 0.1 , 0.1677611 , 0.1686579 , 0.01112996 , 0.1462581 , 0.0106137 , 0.1248219 , 0.1658995 
73 , 0.1 , 0.191051 , 0.1912141 , 0.01086189 , 0.1941501 , 0.01072449 , 0.173167 , 0.2153532 
74 , 0.1 , 0.02085255 , 0.02217236 , 0.004392211 , 0.01582043 , 0.003569292 , 0.008942207 , 0.02344955 
75 , 0.1 , 0.0215715 , 0.02349931 , 0.004340712 , 0.03620741 , 0.005604547 , 0.02531358 , 0.0478856 
76 , 0.1 , 0.1106675 , 0.1128956 , 0.008587629 , 0.105965 , 0.008876054 , 0.08966527 , 0.1238534 
77 , 0.1 , 0.2688931 , 0.2691569 , 0.01115351 , 0.2846853 , 0.01080436 , 0.2634498 , 0.3050971 
78 , 0.1 , 0.06196576 , 0.06437842 , 0.008357624 , 0.06900906 , 0.008164168 , 0.05357497 , 0.08646171 
79 , 0.1 , 0.2242554 , 0.2249942 , 0.009517596 , 0.229621 , 0.009977602 , 0.2100391 , 0.2486956 
80 , 0.1 , 0.1154523 , 0.1170479 , 0.01117898 , 0.1224151 , 0.009573851 , 0.1041785 , 0.1412187 
81 , 0.1 , 0.06183798 , 0.06331938 , 0.006850144 , 0.07380796 , 0.007216084 , 0.06029751 , 0.08863666 
82 , 0.1 , 0.0370418 , 0.03939417 , 0.005895876 , 0.04220993 , 0.006198055 , 0.03133884 , 0.05519173 
83 , 0.1 , 0.2945288 , 0.2963069 , 0.01134141 , 0.2984518 , 0.01115388 , 0.2770756 , 0.3200907 
84 , 0.1 , 0.04386654 , 0.0453364 , 0.005993855 , 0.04037744 , 0.00580187 , 0.03002301 , 0.05164572 
85 , 0.1 , 0.1681592 , 0.1685967 , 0.01223659 , 0.1821113 , 0.01247849 , 0.1578879 , 0.2065617 
86 , 0.1 , 0.2097831 , 0.2110652 , 0.01053521 , 0.2171798 , 0.009759191 , 0.1980898 , 0.2355348 
87 , 0.1 , 0.0461681 , 0.04846043 , 0.005430881 , 0.04222727 , 0.005894163 , 0.03083763 , 0.05379197 
88 , 0.1 , 0.03413732 , 0.0358746 , 0.00504898 , 0.03175877 , 0.004684996 , 0.02295735 , 0.0410248 
89 , 0.1 , 0.1722995 , 0.1733725 , 0.01101559 , 0.1829379 , 0.01075998 , 0.1621792 , 0.2046579 
90 , 0.1 , 0.1023252 , 0.1037497 , 0.01075031 , 0.1109384 , 0.009951766 , 0.09250025 , 0.1303253 
91 , 0.1 , 0.07177366 , 0.07258334 , 0.008260941 , 0.06874914 , 0.007016551 , 0.05549242 , 0.08253517 
92 , 0.1 , 0.0296637 , 0.03163002 , 0.005199585 , 0.02789367 , 0.005257065 , 0.01856376 , 0.0382196 
93 , 0.1 , 0.07741687 , 0.07950096 , 0.00758536 , 0.09708591 , 0.008783432 , 0.0809011 , 0.1150512 
94 , 0.1 , 0.03725876 , 0.03901138 , 0.005773963 , 0.04366377 , 0.005549265 , 0.03291066 , 0.05504718 
95 , 0.1 , 0.02744177 , 0.02913206 , 0.004501492 , 0.02787083 , 0.004511292 , 0.01963867 , 0.0368102 
96 , 0.1 , 0.04778689 , 0.04936427 , 0.006527822 , 0.03842645 , 0.005837151 , 0.02771944 , 0.05012938 
97 , 0.1 , 0.02286335 , 0.02451854 , 0.005652898 , 0.03589444 , 0.007165766 , 0.02348166 , 0.05097435 
98 , 0.1 , 0.1657953 , 0.1697221 , 0.01001852 , 0.1642876 , 0.01021248 , 0.1448166 , 0.1840867 
99 , 0.1 , 0.05398871 , 0.05528901 , 0.005604204 , 0.05905997 , 0.005433873 , 0.04873816 , 0.07054975 
100 , 0.1 , 0.02291278 , 0.02540644 , 0.003810673 , 0.02279373 , 0.004225461 , 0.01543101 , 0.03142264 
