#param, sd.noise, populationlevel.r2, mean.r2.resampling, sd.r2.resampling, bs.r2, bs.sd, bs.lower, bs.upper 
5 , 0.05 , 0.3456065 , 0.3597847 , 0.2644515 , 0.2364651 , 0.2050844 , -4.70791e-16 , 0.6383557 
5 , 0.05 , 0.3455353 , 0.3268097 , 0.2597522 , 0.3758607 , 0.3032891 , -1.611992e-16 , 0.9924963 
5 , 0.05 , 0.3465491 , 0.4210063 , 0.2679084 , 0.4935492 , 0.3219948 , -4.496826e-16 , 0.9981637 
5 , 0.05 , 0.3452128 , 0.3366201 , 0.2640431 , 0.3702501 , 0.2741198 , -4.408408e-16 , 0.9542712 
5 , 0.05 , 0.3454679 , 0.3093747 , 0.2545976 , 0.267533 , 0.2544018 , -3.099522e-16 , 0.8407884 
5 , 0.05 , 0.3458907 , 0.3767855 , 0.2581233 , 0.3379538 , 0.368989 , -3.842428e-16 , 0.9962653 
5 , 0.05 , 0.3446079 , 0.3735003 , 0.2623955 , 0.4350981 , 0.3216308 , -1.747467e-16 , 0.8783224 
5 , 0.05 , 0.3455304 , 0.3684827 , 0.2749566 , 0.05188047 , 0.07980004 , -4.343138e-16 , 0.3246603 
5 , 0.05 , 0.3453024 , 0.3322539 , 0.2500709 , 0.2371366 , 0.2562687 , -5.167451e-16 , 0.9380908 
5 , 0.05 , 0.3455426 , 0.3789708 , 0.2495115 , 0.3457279 , 0.2808467 , -5.326343e-16 , 0.9914043 

10 , 0.05 , 0.346082 , 0.3673442 , 0.1792455 , 0.2833111 , 0.2210132 , 0.001078034 , 0.779888 
10 , 0.05 , 0.3461441 , 0.328093 , 0.1878438 , 0.3444158 , 0.228379 , 0.004269723 , 0.8392278 
10 , 0.05 , 0.3448497 , 0.3658882 , 0.2134976 , 0.2735221 , 0.1911107 , 0.01399691 , 0.742529 
10 , 0.05 , 0.3453659 , 0.351888 , 0.2077751 , 0.2569278 , 0.198594 , 0.004822038 , 0.7438572 
10 , 0.05 , 0.3457722 , 0.3387174 , 0.2045064 , 0.2720064 , 0.2564544 , 0.0007096432 , 0.8294523 
10 , 0.05 , 0.3467734 , 0.366718 , 0.2180526 , 0.155914 , 0.1125767 , 0.003055971 , 0.4447429 
10 , 0.05 , 0.3457316 , 0.3643723 , 0.2051385 , 0.4529235 , 0.1840074 , 0.1280678 , 0.8409702 
10 , 0.05 , 0.345636 , 0.3602531 , 0.1937626 , 0.2893426 , 0.1681696 , 0.01083751 , 0.6141206 
10 , 0.05 , 0.3450836 , 0.3372456 , 0.200662 , 0.1634422 , 0.1616161 , 0.001583797 , 0.6135624 
10 , 0.05 , 0.3445585 , 0.347563 , 0.2113813 , 0.09291958 , 0.09489223 , 0.0007822101 , 0.341658 

25 , 0.05 , 0.3473346 , 0.3467595 , 0.1048371 , 0.477849 , 0.1370688 , 0.219947 , 0.7349713 
25 , 0.05 , 0.3453691 , 0.359435 , 0.1146533 , 0.457987 , 0.1300384 , 0.2156258 , 0.6998976 
25 , 0.05 , 0.3461172 , 0.3334463 , 0.1128719 , 0.2288201 , 0.09842135 , 0.07352923 , 0.4410206 
25 , 0.05 , 0.3456163 , 0.3534361 , 0.1154924 , 0.4094759 , 0.1282399 , 0.1722616 , 0.6764717 
25 , 0.05 , 0.3458268 , 0.3424719 , 0.1257188 , 0.1304617 , 0.06538002 , 0.02427331 , 0.2798786 
25 , 0.05 , 0.3458485 , 0.3616894 , 0.1129175 , 0.226802 , 0.06980218 , 0.1059866 , 0.3803693 
25 , 0.05 , 0.345723 , 0.3339394 , 0.1340565 , 0.3498902 , 0.1219247 , 0.1341569 , 0.6000985 
25 , 0.05 , 0.3455376 , 0.3579166 , 0.1218689 , 0.4114874 , 0.09623272 , 0.2317417 , 0.5967829 
25 , 0.05 , 0.3455543 , 0.3615199 , 0.1148155 , 0.4386097 , 0.118888 , 0.2166099 , 0.6937788 
25 , 0.05 , 0.3450002 , 0.3502881 , 0.1157868 , 0.3974556 , 0.1177123 , 0.1939145 , 0.6515283 

50 , 0.05 , 0.3452563 , 0.3412083 , 0.09103848 , 0.2419891 , 0.08094015 , 0.1010859 , 0.4147989 
50 , 0.05 , 0.3464523 , 0.3480031 , 0.09024575 , 0.4633785 , 0.09080519 , 0.2956629 , 0.6429291 
50 , 0.05 , 0.344672 , 0.3402888 , 0.08286717 , 0.2880093 , 0.06802765 , 0.1620324 , 0.43318 
50 , 0.05 , 0.3462084 , 0.3403652 , 0.0893514 , 0.3970822 , 0.08615277 , 0.2311949 , 0.5593019 
50 , 0.05 , 0.3447873 , 0.3414934 , 0.08665947 , 0.4749139 , 0.08900659 , 0.2996905 , 0.6467126 
50 , 0.05 , 0.3456765 , 0.3419017 , 0.08807868 , 0.4085031 , 0.08616578 , 0.2426945 , 0.5781355 
50 , 0.05 , 0.3466407 , 0.3551505 , 0.08375225 , 0.3908879 , 0.08475336 , 0.2270724 , 0.5676755 
50 , 0.05 , 0.3445079 , 0.350181 , 0.07945131 , 0.2864158 , 0.0793333 , 0.149523 , 0.4538236 
50 , 0.05 , 0.3468797 , 0.3556727 , 0.0857628 , 0.365281 , 0.0875169 , 0.2053017 , 0.5386502 
50 , 0.05 , 0.3452625 , 0.3393661 , 0.080986 , 0.3740806 , 0.08521293 , 0.2103774 , 0.5409236 

100 , 0.05 , 0.3459002 , 0.3379868 , 0.06060837 , 0.2255587 , 0.05077599 , 0.1308964 , 0.3281415 
100 , 0.05 , 0.3465209 , 0.3481562 , 0.05706165 , 0.3933942 , 0.06170685 , 0.2758645 , 0.5116243 
100 , 0.05 , 0.3463783 , 0.3562062 , 0.05475844 , 0.2980437 , 0.05674698 , 0.1975709 , 0.4130167 
100 , 0.05 , 0.3456897 , 0.336562 , 0.05976075 , 0.3094745 , 0.05294261 , 0.2122085 , 0.4177174 
100 , 0.05 , 0.346327 , 0.3487686 , 0.05915041 , 0.3947203 , 0.06102143 , 0.2782574 , 0.5109622 
100 , 0.05 , 0.3458337 , 0.3487089 , 0.05509685 , 0.3331295 , 0.05711485 , 0.2298502 , 0.448256 
100 , 0.05 , 0.3449007 , 0.3401967 , 0.06693442 , 0.2571085 , 0.0566273 , 0.1543917 , 0.3731166 
100 , 0.05 , 0.3454569 , 0.3547074 , 0.05876294 , 0.3351718 , 0.04880785 , 0.2426883 , 0.4312977 
100 , 0.05 , 0.3457924 , 0.3412671 , 0.05920228 , 0.2830304 , 0.0522791 , 0.1836281 , 0.3948832 
100 , 0.05 , 0.3449036 , 0.3492242 , 0.06262263 , 0.4840638 , 0.06941556 , 0.3545263 , 0.6165378 

250 , 0.05 , 0.3441693 , 0.347232 , 0.03853196 , 0.3654609 , 0.03912229 , 0.2921597 , 0.4390672 
250 , 0.05 , 0.3457014 , 0.3483068 , 0.04339606 , 0.4538415 , 0.04032968 , 0.3752632 , 0.529326 
250 , 0.05 , 0.3450272 , 0.3465475 , 0.03537709 , 0.3723034 , 0.03845742 , 0.3014337 , 0.4475625 
250 , 0.05 , 0.3464985 , 0.3456613 , 0.03683601 , 0.319585 , 0.03749074 , 0.2477129 , 0.3923879 
250 , 0.05 , 0.3454293 , 0.3490029 , 0.03852755 , 0.3411202 , 0.03660787 , 0.2743883 , 0.4181604 
250 , 0.05 , 0.3458085 , 0.3462258 , 0.03898738 , 0.2909923 , 0.03330384 , 0.2311268 , 0.3593289 
250 , 0.05 , 0.3459366 , 0.3404349 , 0.03433218 , 0.3534668 , 0.03883656 , 0.2814594 , 0.4302228 
250 , 0.05 , 0.3453347 , 0.3430827 , 0.04443998 , 0.2861996 , 0.03475849 , 0.2191259 , 0.351262 
250 , 0.05 , 0.3462027 , 0.343685 , 0.04507675 , 0.2870996 , 0.03647142 , 0.2158339 , 0.3570225 
250 , 0.05 , 0.3451187 , 0.3443629 , 0.03356736 , 0.3618289 , 0.03855551 , 0.2890304 , 0.4360649 

500 , 0.05 , 0.3455635 , 0.3463242 , 0.02862101 , 0.3814906 , 0.02633417 , 0.3317179 , 0.4309425 
500 , 0.05 , 0.3453955 , 0.3482916 , 0.02381367 , 0.3727111 , 0.02840262 , 0.3181583 , 0.4307394 
500 , 0.05 , 0.3458673 , 0.350562 , 0.02563392 , 0.3466566 , 0.02578459 , 0.2968451 , 0.398576 
500 , 0.05 , 0.3452938 , 0.347013 , 0.02866522 , 0.3300843 , 0.02634262 , 0.2797019 , 0.3811061 
500 , 0.05 , 0.3454929 , 0.3467551 , 0.02397273 , 0.3459896 , 0.02665255 , 0.2937614 , 0.3976926 
500 , 0.05 , 0.3454364 , 0.3471462 , 0.02547844 , 0.3204301 , 0.02527394 , 0.2726186 , 0.3683389 
500 , 0.05 , 0.3438788 , 0.3422714 , 0.02853677 , 0.3496613 , 0.02587298 , 0.2994497 , 0.4018187 
500 , 0.05 , 0.3461092 , 0.3446267 , 0.0263952 , 0.3285268 , 0.02467859 , 0.2823728 , 0.3766975 
500 , 0.05 , 0.3447061 , 0.3449146 , 0.02746829 , 0.363066 , 0.02598513 , 0.3139891 , 0.4140514 
500 , 0.05 , 0.344958 , 0.3469911 , 0.0285742 , 0.3551146 , 0.0296917 , 0.3014179 , 0.4145323 

750 , 0.05 , 0.3450376 , 0.3452914 , 0.01921774 , 0.3408266 , 0.02123273 , 0.3014616 , 0.3826196 
750 , 0.05 , 0.3444259 , 0.3456978 , 0.02082413 , 0.3649562 , 0.02156799 , 0.3221077 , 0.4077795 
750 , 0.05 , 0.3448084 , 0.3434379 , 0.02078199 , 0.3646078 , 0.02161031 , 0.324612 , 0.4095214 
750 , 0.05 , 0.3460559 , 0.3513019 , 0.02355771 , 0.3232364 , 0.02150472 , 0.2819882 , 0.3669093 
750 , 0.05 , 0.3448586 , 0.3455534 , 0.02307458 , 0.3054483 , 0.02096585 , 0.2650886 , 0.3474302 
750 , 0.05 , 0.3454252 , 0.3428913 , 0.02122531 , 0.3478045 , 0.02137879 , 0.305695 , 0.3894101 
750 , 0.05 , 0.3453643 , 0.3477554 , 0.02228761 , 0.3016965 , 0.02096852 , 0.2638527 , 0.3459866 
750 , 0.05 , 0.3455349 , 0.3469983 , 0.02320942 , 0.3184287 , 0.02071224 , 0.2797238 , 0.3615933 
750 , 0.05 , 0.345379 , 0.3433912 , 0.02150833 , 0.3553346 , 0.02122361 , 0.3146811 , 0.3960068 
750 , 0.05 , 0.3456054 , 0.3446774 , 0.02198329 , 0.3404473 , 0.02121824 , 0.2993568 , 0.3825687 

1000 , 0.05 , 0.344045 , 0.3410377 , 0.01858129 , 0.3491561 , 0.01851829 , 0.3139348 , 0.384443 
1000 , 0.05 , 0.3462883 , 0.3456195 , 0.01675365 , 0.3324101 , 0.02012896 , 0.2956683 , 0.372174 
1000 , 0.05 , 0.3458733 , 0.3455868 , 0.01633345 , 0.3360088 , 0.01809189 , 0.2992905 , 0.3728042 
1000 , 0.05 , 0.3447146 , 0.3479824 , 0.01878406 , 0.3502032 , 0.0187337 , 0.3139092 , 0.3886688 
1000 , 0.05 , 0.3452435 , 0.347993 , 0.01713869 , 0.3360986 , 0.01855148 , 0.3016404 , 0.3735143 
1000 , 0.05 , 0.3443584 , 0.3461993 , 0.01792501 , 0.3526568 , 0.01881427 , 0.3143616 , 0.3908215 
1000 , 0.05 , 0.3448495 , 0.3464106 , 0.01928644 , 0.3523992 , 0.01983422 , 0.3145267 , 0.3922137 
1000 , 0.05 , 0.3456644 , 0.3480129 , 0.01756646 , 0.3413285 , 0.01902245 , 0.3064987 , 0.383013 
1000 , 0.05 , 0.3458801 , 0.3448933 , 0.01686304 , 0.358362 , 0.01902599 , 0.3212085 , 0.397335 
1000 , 0.05 , 0.3462512 , 0.3476188 , 0.01891357 , 0.3401092 , 0.01930875 , 0.3026818 , 0.3777667 










