#param, sd.noise, mean.vp.estimate, sd.vp.estimate, relative.uncertainty, bias 
0 , 0 , 0.0004532378 , 0.0006639936 , 146.5 , 0.0004532378 
0 , 0 , 0.0003932507 , 0.0006639027 , 168.8243 , 0.0003931853 
0 , 0 , 0.0003578755 , 0.0005102564 , 142.5793 , 0.000357875 
0 , 0 , 0.0003912782 , 0.0005578873 , 142.5807 , 0.0003912619 
0 , 0 , 0.0003592261 , 0.0004160413 , 115.816 , 0.0003591752 
0 , 0 , 0.0003985148 , 0.0004896436 , 122.8671 , 0.0003984422 
0 , 0 , 0.0003498335 , 0.0004411769 , 126.1105 , 0.0003497404 
0 , 0 , 0.000333798 , 0.0003865041 , 115.7898 , 0.0003337701 
0 , 0 , 0.0003762842 , 0.0004837025 , 128.5471 , 0.0003762838 
0 , 0 , 0.0004560764 , 0.0006246099 , 136.9529 , 0.000456076 
0.1 , 0 , 0.8866942 , 0.1394301 , 15.72471 , 0.01453642 
0.1 , 0 , 0.8674042 , 0.1308013 , 15.07962 , -0.00667998 
0.1 , 0 , 0.871075 , 0.1123174 , 12.89412 , -0.0002503884 
0.1 , 0 , 0.8780082 , 0.1408008 , 16.03639 , 0.002507365 
0.1 , 0 , 0.9025168 , 0.1354769 , 15.01101 , 0.02998525 
0.1 , 0 , 0.8911111 , 0.1339799 , 15.03515 , 0.01649227 
0.1 , 0 , 0.9008476 , 0.1301089 , 14.44294 , 0.02706366 
0.1 , 0 , 0.8730127 , 0.1312035 , 15.02881 , 0.001485269 
0.1 , 0 , 0.8748732 , 0.1445977 , 16.52784 , 0.001968966 
0.1 , 0 , 0.8713046 , 0.129617 , 14.8762 , -0.0008814077 
0.2 , 0 , 3.397113 , 0.4475519 , 13.17448 , -0.02042833 
0.2 , 0 , 3.331262 , 0.4322022 , 12.97413 , -0.0888918 
0.2 , 0 , 3.495 , 0.5072406 , 14.51332 , 0.08526848 
0.2 , 0 , 3.434065 , 0.4828947 , 14.0619 , 0.01511762 
0.2 , 0 , 3.45584 , 0.459543 , 13.29758 , 0.03591635 
0.2 , 0 , 3.47877 , 0.5359923 , 15.40753 , 0.05841183 
0.2 , 0 , 3.392002 , 0.548649 , 16.17478 , -0.02731824 
0.2 , 0 , 3.422129 , 0.54781 , 16.00787 , -9.214314e-05 
0.2 , 0 , 3.421791 , 0.5128578 , 14.98799 , 0.01205342 
0.2 , 0 , 3.364678 , 0.4545601 , 13.50976 , -0.05069504 
0.3 , 0 , 7.314256 , 1.099299 , 15.02954 , -0.1005458 
0.3 , 0 , 7.377343 , 1.095993 , 14.8562 , -0.02588959 
0.3 , 0 , 7.300583 , 1.041718 , 14.26897 , -0.08611568 
0.3 , 0 , 7.301881 , 0.886516 , 12.14093 , -0.07716092 
0.3 , 0 , 7.425353 , 1.175813 , 15.83511 , 0.0246207 
0.3 , 0 , 7.311205 , 0.9521243 , 13.02281 , -0.08677288 
0.3 , 0 , 7.411318 , 1.071492 , 14.45751 , -0.009323616 
0.3 , 0 , 7.265611 , 0.9435101 , 12.98597 , -0.1268335 
0.3 , 0 , 7.42379 , 1.042902 , 14.0481 , 0.04358525 
0.3 , 0 , 7.543709 , 1.116136 , 14.79558 , 0.1542255 
0.4 , 0 , 12.15542 , 1.785118 , 14.68577 , -0.2976594 
0.4 , 0 , 12.67544 , 1.820084 , 14.35914 , 0.2344686 
0.4 , 0 , 12.55261 , 1.703615 , 13.5718 , 0.1127412 
0.4 , 0 , 12.60235 , 1.976634 , 15.68465 , 0.1373776 
0.4 , 0 , 12.3636 , 1.525325 , 12.33723 , -0.09657315 
0.4 , 0 , 12.64725 , 1.742268 , 13.77586 , 0.1934996 
0.4 , 0 , 12.41037 , 1.485276 , 11.96802 , -0.0297493 
0.4 , 0 , 12.63241 , 1.924788 , 15.2369 , 0.1681442 
0.4 , 0 , 12.74554 , 1.628369 , 12.77599 , 0.2893653 
0.4 , 0 , 12.09792 , 1.591368 , 13.15406 , -0.3090845 
0.5 , 0 , 18.59052 , 2.684537 , 14.44035 , 0.3809773 
0.5 , 0 , 18.18094 , 2.496009 , 13.72871 , 0.01410632 
0.5 , 0 , 17.8621 , 2.438318 , 13.65079 , -0.3608705 
0.5 , 0 , 18.17104 , 2.327603 , 12.80941 , 0.006345226 
0.5 , 0 , 17.84737 , 2.509444 , 14.06058 , -0.2959701 
0.5 , 0 , 18.1312 , 2.901564 , 16.00315 , -0.02917494 
0.5 , 0 , 18.0001 , 2.558994 , 14.21656 , -0.1459215 
0.5 , 0 , 18.19294 , 2.461408 , 13.52946 , 0.01299888 
0.5 , 0 , 18.01036 , 2.734023 , 15.18028 , -0.1562258 
0.5 , 0 , 18.10862 , 2.434472 , 13.44372 , -0.04814025 
0.6 , 0 , 24.33783 , 3.427808 , 14.08428 , 0.1792352 
0.6 , 0 , 23.56647 , 3.171304 , 13.45685 , -0.5640859 
0.6 , 0 , 23.84532 , 3.24651 , 13.61487 , -0.2740214 
0.6 , 0 , 23.81804 , 3.448492 , 14.47849 , -0.32119 
0.6 , 0 , 23.65313 , 2.932146 , 12.39644 , -0.5088407 
0.6 , 0 , 24.38769 , 3.335031 , 13.67506 , 0.2831037 
0.6 , 0 , 23.8062 , 3.150422 , 13.23362 , -0.3519051 
0.6 , 0 , 24.15304 , 3.490102 , 14.44995 , 0.1040975 
0.6 , 0 , 23.94658 , 3.374868 , 14.09332 , -0.217918 
0.6 , 0 , 24.35579 , 3.557139 , 14.6049 , 0.1619711 
0.7 , 0 , 30.76492 , 3.964624 , 12.88683 , 0.6234632 
0.7 , 0 , 29.88606 , 3.81849 , 12.77682 , -0.2294132 
0.7 , 0 , 29.99484 , 3.769442 , 12.56697 , -0.1007896 
0.7 , 0 , 30.70267 , 4.408585 , 14.35896 , 0.5799975 
0.7 , 0 , 30.50978 , 3.734571 , 12.24057 , 0.4412369 
0.7 , 0 , 29.47877 , 4.166293 , 14.1332 , -0.6834637 
0.7 , 0 , 29.98061 , 3.954339 , 13.18965 , -0.1937867 
0.7 , 0 , 30.42488 , 3.869397 , 12.71787 , 0.3078775 
0.7 , 0 , 30.44092 , 4.747274 , 15.59504 , 0.3082518 
0.7 , 0 , 29.30404 , 4.03258 , 13.76118 , -0.76052 
0.8 , 0 , 35.87548 , 4.703366 , 13.11025 , -0.07713837 
0.8 , 0 , 36.05738 , 5.31049 , 14.72789 , 0.2030245 
0.8 , 0 , 36.20343 , 4.96731 , 13.72055 , 0.2639695 
0.8 , 0 , 36.62191 , 4.730344 , 12.91671 , 0.7718714 
0.8 , 0 , 35.28325 , 4.19122 , 11.87878 , -0.6360817 
0.8 , 0 , 36.56789 , 4.738927 , 12.95926 , 0.6506958 
0.8 , 0 , 36.43419 , 4.471886 , 12.27387 , 0.5285782 
0.8 , 0 , 35.83362 , 4.477026 , 12.49393 , -0.03268237 
0.8 , 0 , 35.65994 , 5.229488 , 14.66488 , -0.2587309 
0.8 , 0 , 36.21294 , 5.306757 , 14.65431 , 0.3163741 
0.9 , 0 , 41.05046 , 4.833762 , 11.77517 , -0.209932 
0.9 , 0 , 42.15373 , 5.449228 , 12.92704 , 0.8620394 
0.9 , 0 , 41.48354 , 5.346096 , 12.88727 , 0.2386741 
0.9 , 0 , 41.27829 , 4.621107 , 11.195 , 0.01670847 
0.9 , 0 , 40.34234 , 5.165129 , 12.80325 , -0.778777 
0.9 , 0 , 41.70481 , 5.043402 , 12.0931 , 0.4438454 
0.9 , 0 , 40.83749 , 4.994564 , 12.23034 , -0.2794464 
0.9 , 0 , 40.54604 , 5.176114 , 12.76602 , -0.7621041 
0.9 , 0 , 41.63482 , 5.26268 , 12.64009 , 0.4563902 
0.9 , 0 , 42.08317 , 5.419698 , 12.87854 , 0.8304788 
1 , 0 , 47.45282 , 5.573817 , 11.74602 , 1.267914 
1 , 0 , 46.88437 , 5.538046 , 11.81214 , 0.7070537 
1 , 0 , 45.55109 , 5.714523 , 12.5453 , -0.6678271 
1 , 0 , 47.16546 , 5.513976 , 11.69071 , 0.9752392 
1 , 0 , 46.80614 , 5.949327 , 12.71057 , 0.6909255 
1 , 0 , 46.21021 , 5.535466 , 11.97888 , 0.0310757 
1 , 0 , 46.26701 , 6.708904 , 14.50041 , 0.07385689 
1 , 0 , 46.16518 , 6.085368 , 13.18173 , 0.0310419 
1 , 0 , 46.79579 , 6.037957 , 12.90278 , 0.6337254 
1 , 0 , 45.74862 , 5.893708 , 12.88281 , -0.4839978 
0 , 0.01 , 0.02476481 , 0.03255924 , 131.4738 , 0.02476461 
0 , 0.01 , 0.02693926 , 0.04017437 , 149.1294 , 0.02693589 
0 , 0.01 , 0.0221133 , 0.02875147 , 130.0189 , 0.02211175 
0 , 0.01 , 0.02956956 , 0.04759385 , 160.9555 , 0.02956951 
0 , 0.01 , 0.02718111 , 0.03996058 , 147.016 , 0.02717461 
0 , 0.01 , 0.02989373 , 0.03843304 , 128.5656 , 0.02989242 
0 , 0.01 , 0.03353432 , 0.04056972 , 120.9797 , 0.03353131 
0 , 0.01 , 0.02852238 , 0.04239307 , 148.6309 , 0.02851987 
0 , 0.01 , 0.02564259 , 0.03235951 , 126.1944 , 0.02564243 
0 , 0.01 , 0.02863826 , 0.03751702 , 131.0031 , 0.02863579 
0.1 , 0.01 , 0.8994367 , 0.320827 , 35.66977 , 0.04754332 
0.1 , 0.01 , 0.8770277 , 0.2913402 , 33.21904 , 0.01948143 
0.1 , 0.01 , 0.899207 , 0.3507423 , 39.00574 , 0.04831487 
0.1 , 0.01 , 0.8538105 , 0.2465335 , 28.8745 , 0.001544448 
0.1 , 0.01 , 0.9254864 , 0.3450802 , 37.28636 , 0.07438031 
0.1 , 0.01 , 0.8911885 , 0.3446278 , 38.67058 , 0.03731319 
0.1 , 0.01 , 0.8495682 , 0.329224 , 38.75192 , -0.000217203 
0.1 , 0.01 , 0.893964 , 0.3516352 , 39.33438 , 0.03726121 
0.1 , 0.01 , 0.8923773 , 0.2937261 , 32.91501 , 0.03786292 
0.1 , 0.01 , 0.9205689 , 0.3714229 , 40.3471 , 0.06654623 
0.2 , 0.01 , 3.333667 , 0.6551253 , 19.65179 , 0.01214549 
0.2 , 0.01 , 3.34698 , 0.6300267 , 18.82374 , -0.001947205 
0.2 , 0.01 , 3.489739 , 0.7577154 , 21.71267 , 0.1358032 
0.2 , 0.01 , 3.447732 , 0.7318292 , 21.22639 , 0.09673956 
0.2 , 0.01 , 3.306607 , 0.649919 , 19.65516 , -0.03544355 
0.2 , 0.01 , 3.349847 , 0.6940121 , 20.71773 , 0.00537647 
0.2 , 0.01 , 3.403043 , 0.6916629 , 20.32484 , 0.04180159 
0.2 , 0.01 , 3.379265 , 0.7489168 , 22.16212 , 0.02781527 
0.2 , 0.01 , 3.493097 , 0.73293 , 20.98224 , 0.1379316 
0.2 , 0.01 , 3.427267 , 0.6985773 , 20.38293 , 0.08363531 
0.3 , 0.01 , 7.256849 , 1.227871 , 16.92016 , 0.01383925 
0.3 , 0.01 , 7.355981 , 1.328487 , 18.05996 , 0.07702352 
0.3 , 0.01 , 7.315152 , 1.129814 , 15.44484 , 0.05374132 
0.3 , 0.01 , 7.331663 , 1.240986 , 16.92639 , 0.09859967 
0.3 , 0.01 , 7.427445 , 1.226472 , 16.5127 , 0.1751169 
0.3 , 0.01 , 7.373864 , 1.230464 , 16.68683 , 0.1103832 
0.3 , 0.01 , 7.118174 , 1.296687 , 18.21657 , -0.1323142 
0.3 , 0.01 , 7.367289 , 1.224105 , 16.61541 , 0.1013639 
0.3 , 0.01 , 7.180069 , 1.221097 , 17.00675 , -0.07741252 
0.3 , 0.01 , 7.345807 , 1.224291 , 16.66652 , 0.09264435 
0.4 , 0.01 , 12.45687 , 1.971188 , 15.82411 , 0.2546477 
0.4 , 0.01 , 12.65081 , 1.840253 , 14.54652 , 0.4111995 
0.4 , 0.01 , 12.41124 , 1.994697 , 16.0717 , 0.1782147 
0.4 , 0.01 , 12.14247 , 1.823695 , 15.01914 , -0.06540315 
0.4 , 0.01 , 12.3894 , 2.360562 , 19.05307 , 0.1782253 
0.4 , 0.01 , 12.1111 , 1.962758 , 16.20627 , -0.08902894 
0.4 , 0.01 , 12.48612 , 1.975835 , 15.82426 , 0.2363583 
0.4 , 0.01 , 11.88995 , 1.880631 , 15.81698 , -0.3248318 
0.4 , 0.01 , 12.33365 , 1.717838 , 13.92806 , 0.1235993 
0.4 , 0.01 , 12.43588 , 1.875911 , 15.08466 , 0.2159965 
0.5 , 0.01 , 17.52871 , 2.480956 , 14.15368 , -0.3093763 
0.5 , 0.01 , 17.87946 , 2.711776 , 15.16699 , 0.01456974 
0.5 , 0.01 , 17.73824 , 2.469268 , 13.92059 , -0.1037854 
0.5 , 0.01 , 18.02127 , 2.887514 , 16.02281 , 0.1274688 
0.5 , 0.01 , 18.02556 , 2.944081 , 16.33281 , 0.1812985 
0.5 , 0.01 , 17.9016 , 2.630809 , 14.69595 , 0.07804863 
0.5 , 0.01 , 18.13522 , 2.717961 , 14.9872 , 0.2658459 
0.5 , 0.01 , 18.26309 , 2.752827 , 15.07317 , 0.3762183 
0.5 , 0.01 , 17.64862 , 2.5293 , 14.33144 , -0.1955215 
0.5 , 0.01 , 17.69541 , 2.690504 , 15.20453 , -0.1197597 
0.6 , 0.01 , 23.86432 , 3.18365 , 13.34063 , 0.107481 
0.6 , 0.01 , 24.54384 , 3.540532 , 14.42534 , 0.7446437 
0.6 , 0.01 , 23.72705 , 3.390095 , 14.28789 , -0.04740965 
0.6 , 0.01 , 24.68298 , 3.969118 , 16.08038 , 0.8648718 
0.6 , 0.01 , 24.19673 , 3.626067 , 14.98577 , 0.4421389 
0.6 , 0.01 , 23.30912 , 4.012964 , 17.21628 , -0.5115467 
0.6 , 0.01 , 23.56766 , 3.506351 , 14.87781 , -0.2334499 
0.6 , 0.01 , 24.15403 , 3.582208 , 14.83068 , 0.3496198 
0.6 , 0.01 , 23.69452 , 3.137104 , 13.23979 , -0.05355933 
0.6 , 0.01 , 23.90042 , 3.650088 , 15.27206 , 0.1389512 
0.7 , 0.01 , 29.6612 , 4.012281 , 13.52703 , 0.0008524387 
0.7 , 0.01 , 29.80977 , 3.870741 , 12.9848 , 0.04030925 
0.7 , 0.01 , 30.16179 , 4.338153 , 14.38294 , 0.4205188 
0.7 , 0.01 , 29.64271 , 3.764944 , 12.70108 , -0.1185949 
0.7 , 0.01 , 29.26699 , 4.233739 , 14.46592 , -0.4823926 
0.7 , 0.01 , 30.07737 , 4.1296 , 13.72992 , 0.3412953 
0.7 , 0.01 , 30.0123 , 4.01548 , 13.37945 , 0.3271329 
0.7 , 0.01 , 30.27019 , 3.840226 , 12.6865 , 0.5423408 
0.7 , 0.01 , 29.79129 , 4.000761 , 13.4293 , 0.003002741 
0.7 , 0.01 , 29.47796 , 4.364358 , 14.80549 , -0.2018852 
0.8 , 0.01 , 34.92542 , 4.162882 , 11.91935 , -0.5149776 
0.8 , 0.01 , 35.69446 , 4.656926 , 13.04664 , 0.2986251 
0.8 , 0.01 , 36.84455 , 5.416251 , 14.70028 , 1.487504 
0.8 , 0.01 , 34.70446 , 4.456265 , 12.84061 , -0.6698693 
0.8 , 0.01 , 35.66102 , 4.914266 , 13.7805 , 0.1487532 
0.8 , 0.01 , 35.62127 , 4.123987 , 11.57731 , 0.1879332 
0.8 , 0.01 , 35.81181 , 5.218575 , 14.57222 , 0.42225 
0.8 , 0.01 , 35.63276 , 4.35071 , 12.20986 , 0.217117 
0.8 , 0.01 , 35.98992 , 4.503123 , 12.51218 , 0.5436374 
0.8 , 0.01 , 36.33291 , 5.303141 , 14.59597 , 0.956625 
0.9 , 0.01 , 41.99172 , 5.313794 , 12.65439 , 1.120974 
0.9 , 0.01 , 40.46549 , 5.74095 , 14.18727 , -0.1922937 
0.9 , 0.01 , 40.97226 , 5.278607 , 12.88337 , 0.3214415 
0.9 , 0.01 , 40.55133 , 5.679012 , 14.0045 , -0.1564646 
0.9 , 0.01 , 40.92029 , 5.357831 , 13.09334 , 0.1854906 
0.9 , 0.01 , 40.37834 , 5.820894 , 14.41588 , -0.2505019 
0.9 , 0.01 , 40.78667 , 4.830362 , 11.84299 , 0.08144409 
0.9 , 0.01 , 40.41807 , 5.890587 , 14.57414 , -0.3484149 
0.9 , 0.01 , 40.546 , 5.510676 , 13.59117 , -0.2207118 
0.9 , 0.01 , 40.41952 , 4.751963 , 11.7566 , -0.3109861 
1 , 0.01 , 45.952 , 5.901481 , 12.84271 , 0.4124415 
1 , 0.01 , 45.48712 , 5.861785 , 12.88669 , 0.02882259 
1 , 0.01 , 45.21105 , 6.483855 , 14.3413 , -0.3018505 
1 , 0.01 , 45.60457 , 6.522116 , 14.30145 , 0.06595217 
1 , 0.01 , 45.19965 , 6.325054 , 13.99359 , -0.2570408 
1 , 0.01 , 45.51756 , 5.805311 , 12.754 , 0.1342348 
1 , 0.01 , 44.77501 , 5.690822 , 12.70982 , -0.8148419 
1 , 0.01 , 45.81769 , 5.442146 , 11.87783 , 0.3298094 
1 , 0.01 , 45.67169 , 5.796173 , 12.69095 , 0.209245 
1 , 0.01 , 44.63657 , 5.681761 , 12.72894 , -0.875553 
0 , 0.05 , 0.3844759 , 0.7705898 , 200.426 , 0.3844387 
0 , 0.05 , 0.4223823 , 0.5427032 , 128.4863 , 0.42236 
0 , 0.05 , 0.378457 , 0.4784141 , 126.4118 , 0.3784284 
0 , 0.05 , 0.3884175 , 0.4838208 , 124.562 , 0.3884153 
0 , 0.05 , 0.3628946 , 0.4646218 , 128.0322 , 0.3628241 
0 , 0.05 , 0.4418829 , 0.7424822 , 168.0269 , 0.4418823 
0 , 0.05 , 0.3650643 , 0.457809 , 125.4051 , 0.3650242 
0 , 0.05 , 0.4361945 , 0.6510211 , 149.2502 , 0.4361454 
0 , 0.05 , 0.4452599 , 0.6765724 , 151.95 , 0.4452545 
0 , 0.05 , 0.3463153 , 0.4728377 , 136.5339 , 0.3463128 
0.1 , 0.05 , 0.9030849 , 1.224756 , 135.6192 , 0.3591185 
0.1 , 0.05 , 1.058162 , 1.140547 , 107.7857 , 0.5397427 
0.1 , 0.05 , 0.8040477 , 0.9090021 , 113.0533 , 0.2811648 
0.1 , 0.05 , 1.077441 , 1.065824 , 98.92182 , 0.5573206 
0.1 , 0.05 , 0.6493195 , 0.6751073 , 103.9715 , 0.1354423 
0.1 , 0.05 , 1.030376 , 0.9343421 , 90.67973 , 0.5049233 
0.1 , 0.05 , 0.819614 , 0.9889237 , 120.6573 , 0.2737242 
0.1 , 0.05 , 0.8017089 , 1.012542 , 126.2979 , 0.2682691 
0.1 , 0.05 , 1.127539 , 1.27418 , 113.0055 , 0.5856536 
0.1 , 0.05 , 0.9326574 , 1.294148 , 138.7592 , 0.4015279 
0.2 , 0.05 , 2.463717 , 1.684257 , 68.36243 , 0.2945057 
0.2 , 0.05 , 2.622907 , 1.700976 , 64.85079 , 0.4785688 
0.2 , 0.05 , 2.434215 , 1.992074 , 81.83639 , 0.2516743 
0.2 , 0.05 , 2.199091 , 1.545713 , 70.28873 , 0.0494035 
0.2 , 0.05 , 2.641992 , 1.860708 , 70.42824 , 0.4693088 
0.2 , 0.05 , 2.651155 , 1.845804 , 69.62264 , 0.4857415 
0.2 , 0.05 , 2.840783 , 1.972798 , 69.44556 , 0.6971548 
0.2 , 0.05 , 2.198495 , 1.771379 , 80.57238 , 0.05448561 
0.2 , 0.05 , 2.313998 , 1.611161 , 69.62673 , 0.1502119 
0.2 , 0.05 , 2.601463 , 2.040703 , 78.44445 , 0.4555276 
0.3 , 0.05 , 5.434 , 2.717815 , 50.01499 , 0.5846783 
0.3 , 0.05 , 5.300224 , 2.487476 , 46.93153 , 0.4434565 
0.3 , 0.05 , 5.332262 , 2.564865 , 48.10088 , 0.4415071 
0.3 , 0.05 , 4.77462 , 2.421071 , 50.7071 , -0.09208621 
0.3 , 0.05 , 4.808605 , 2.443914 , 50.82376 , -0.0243776 
0.3 , 0.05 , 5.087284 , 2.45299 , 48.21807 , 0.1795202 
0.3 , 0.05 , 5.398779 , 2.952778 , 54.69343 , 0.5128419 
0.3 , 0.05 , 5.667769 , 2.561314 , 45.19087 , 0.7894604 
0.3 , 0.05 , 5.185688 , 3.123234 , 60.22795 , 0.3080843 
0.3 , 0.05 , 5.021194 , 2.395491 , 47.7076 , 0.2019671 
0.4 , 0.05 , 8.339534 , 3.035768 , 36.40213 , -0.1141493 
0.4 , 0.05 , 8.713228 , 3.122111 , 35.83185 , 0.2178195 
0.4 , 0.05 , 7.845455 , 2.924137 , 37.27173 , -0.5996097 
0.4 , 0.05 , 8.7183 , 3.833336 , 43.96885 , 0.2449003 
0.4 , 0.05 , 8.938076 , 3.201596 , 35.81974 , 0.4441655 
0.4 , 0.05 , 8.491666 , 3.64303 , 42.90124 , 0.009640487 
0.4 , 0.05 , 8.392168 , 3.256273 , 38.80133 , -0.09155226 
0.4 , 0.05 , 8.788227 , 3.118068 , 35.48006 , 0.3408558 
0.4 , 0.05 , 8.773198 , 3.299192 , 37.60535 , 0.2479536 
0.5 , 0.05 , 13.19581 , 3.892372 , 29.49703 , 0.5244092 
0.5 , 0.05 , 12.22684 , 4.066889 , 33.26198 , -0.479085 
0.5 , 0.05 , 12.9575 , 3.749713 , 28.93855 , 0.300133 
0.5 , 0.05 , 12.3182 , 4.009895 , 32.5526 , -0.3474004 
0.5 , 0.05 , 12.67679 , 3.810813 , 30.06134 , 0.01445907 
0.5 , 0.05 , 12.51546 , 4.704705 , 37.59116 , -0.1640257 
0.5 , 0.05 , 12.65138 , 3.286265 , 25.97555 , -0.008692244 
0.5 , 0.05 , 13.35806 , 3.938931 , 29.4873 , 0.6365769 
0.5 , 0.05 , 13.75483 , 4.032379 , 29.3161 , 1.053216 
0.5 , 0.05 , 13.52613 , 4.530932 , 33.49762 , 0.9007476 
0.6 , 0.05 , 17.44342 , 4.614357 , 26.45328 , 0.1380819 
0.6 , 0.05 , 18.52995 , 4.798486 , 25.89584 , 1.234952 
0.6 , 0.05 , 17.73346 , 4.877074 , 27.50211 , 0.3676469 
0.6 , 0.05 , 17.20764 , 4.384673 , 25.48097 , -0.06332097 
0.6 , 0.05 , 17.16185 , 4.171762 , 24.30835 , -0.2336182 
0.6 , 0.05 , 18.1009 , 5.039438 , 27.84082 , 0.8782412 
0.6 , 0.05 , 17.5165 , 5.026282 , 28.69456 , 0.2218017 
0.6 , 0.05 , 16.38724 , 4.51477 , 27.55052 , -1.014675 
0.6 , 0.05 , 17.44644 , 4.311647 , 24.71362 , 0.1142957 
0.6 , 0.05 , 17.20223 , 4.887639 , 28.41282 , -0.1348311 
0.7 , 0.05 , 20.86177 , 4.471952 , 21.43611 , -1.115365 
0.7 , 0.05 , 21.80529 , 5.336711 , 24.47439 , -0.1721675 
0.7 , 0.05 , 21.92302 , 4.859934 , 22.16818 , -0.06607236 
0.7 , 0.05 , 23.08284 , 4.807233 , 20.826 , 1.043185 
0.7 , 0.05 , 22.53942 , 4.842256 , 21.4835 , 0.638188 
0.7 , 0.05 , 22.0097 , 4.966673 , 22.56584 , 0.06487145 
0.7 , 0.05 , 21.79304 , 5.159922 , 23.67693 , -0.215847 
0.7 , 0.05 , 22.76827 , 4.626008 , 20.31778 , 0.718612 
0.7 , 0.05 , 22.51711 , 4.838988 , 21.49027 , 0.5675734 
0.7 , 0.05 , 21.547 , 4.384916 , 20.35047 , -0.3352689 
0.8 , 0.05 , 26.6501 , 5.392779 , 20.23549 , 0.07929197 
0.8 , 0.05 , 27.50778 , 5.171449 , 18.79995 , 0.9147058 
0.8 , 0.05 , 26.78542 , 5.390514 , 20.12481 , 0.2403338 
0.8 , 0.05 , 26.14547 , 5.336714 , 20.41162 , -0.4139104 
0.8 , 0.05 , 25.71963 , 5.670968 , 22.04918 , -0.8367422 
0.8 , 0.05 , 26.6516 , 5.450367 , 20.45043 , 0.1365182 
0.8 , 0.05 , 27.09537 , 4.914999 , 18.13963 , 0.5574103 
0.8 , 0.05 , 26.18126 , 5.487335 , 20.95902 , -0.4419879 
0.8 , 0.05 , 26.15259 , 5.280355 , 20.19057 , -0.4696696 
0.8 , 0.05 , 26.50626 , 5.308494 , 20.02732 , -0.108172 
0.9 , 0.05 , 30.8439 , 5.493847 , 17.81178 , 0.04643961 
0.9 , 0.05 , 30.91257 , 5.885 , 19.03756 , 0.08883959 
0.9 , 0.05 , 31.01768 , 5.43205 , 17.51275 , 0.3156153 
0.9 , 0.05 , 31.00729 , 5.486543 , 17.69436 , 0.2818221 
0.9 , 0.05 , 30.41321 , 5.539224 , 18.21322 , -0.4584315 
0.9 , 0.05 , 30.3883 , 5.746288 , 18.90954 , -0.3623806 
0.9 , 0.05 , 30.87928 , 5.861148 , 18.98085 , 0.04345702 
0.9 , 0.05 , 30.85068 , 6.386496 , 20.70131 , 0.09472421 
0.9 , 0.05 , 30.01707 , 5.442874 , 18.13259 , -0.7216601 
0.9 , 0.05 , 31.19851 , 5.455017 , 17.48486 , 0.3965323 
1 , 0.05 , 34.87028 , 5.93962 , 17.03347 , 0.2176823 
1 , 0.05 , 34.68901 , 5.229188 , 15.07448 , 0.02373024 
1 , 0.05 , 35.07075 , 6.02298 , 17.1738 , 0.52569 
1 , 0.05 , 35.56301 , 5.215788 , 14.66633 , 1.141837 
1 , 0.05 , 35.57242 , 5.958511 , 16.75037 , 1.158144 
1 , 0.05 , 35.21981 , 5.779926 , 16.41101 , 0.7047908 
1 , 0.05 , 34.22517 , 6.56494 , 19.18161 , -0.3052962 
1 , 0.05 , 34.30432 , 6.042781 , 17.61522 , -0.2592959 
1 , 0.05 , 34.93006 , 5.517966 , 15.79718 , 0.3157707 
1 , 0.05 , 34.17442 , 5.657166 , 16.5538 , -0.3923478 
0 , 0.1 , 0.6798273 , 0.802361 , 118.0242 , 0.6798076 
0 , 0.1 , 0.6948915 , 0.9024488 , 129.869 , 0.6948915 
0 , 0.1 , 0.7028201 , 1.035937 , 147.3972 , 0.7028107 
0 , 0.1 , 0.8268303 , 1.150549 , 139.1518 , 0.8266995 
0 , 0.1 , 0.6620133 , 1.065963 , 161.0183 , 0.6619927 
0 , 0.1 , 0.7229473 , 1.021409 , 141.284 , 0.7229425 
0 , 0.1 , 0.69897 , 0.929387 , 132.9652 , 0.698952 
0 , 0.1 , 0.501685 , 0.6520346 , 129.9689 , 0.5016092 
0 , 0.1 , 0.692727 , 0.8426623 , 121.6442 , 0.6927258 
0 , 0.1 , 0.8684433 , 1.251155 , 144.0687 , 0.8684192 
0.1 , 0.1 , 1.433136 , 1.844887 , 128.7307 , 1.216039 
0.1 , 0.1 , 1.050232 , 1.229681 , 117.0866 , 0.8275521 
0.1 , 0.1 , 1.067126 , 1.590517 , 149.0468 , 0.842126 
0.1 , 0.1 , 0.9836839 , 1.621784 , 164.8684 , 0.7717076 
0.1 , 0.1 , 0.8200309 , 1.163217 , 141.8504 , 0.6011046 
0.1 , 0.1 , 0.8066393 , 1.125067 , 139.4759 , 0.5864217 
0.1 , 0.1 , 1.102791 , 1.583302 , 143.5722 , 0.87353 
0.1 , 0.1 , 0.802943 , 1.021852 , 127.2634 , 0.5911618 
0.1 , 0.1 , 0.9988407 , 1.352032 , 135.3601 , 0.7581818 
0.1 , 0.1 , 0.8244434 , 1.246312 , 151.1701 , 0.5926734 
0.2 , 0.1 , 1.340973 , 1.314413 , 98.0193 , 0.3550309 
0.2 , 0.1 , 1.774293 , 1.830076 , 103.144 , 0.8052743 
0.2 , 0.1 , 1.295014 , 1.388061 , 107.185 , 0.3458533 
0.2 , 0.1 , 1.666846 , 2.535203 , 152.0958 , 0.6883249 
0.2 , 0.1 , 1.278283 , 1.395167 , 109.1438 , 0.2921265 
0.2 , 0.1 , 1.69573 , 1.751634 , 103.2967 , 0.7138811 
0.2 , 0.1 , 1.638793 , 2.188387 , 133.5365 , 0.686564 
0.2 , 0.1 , 1.59604 , 1.674001 , 104.8847 , 0.6221772 
0.2 , 0.1 , 1.998456 , 1.972872 , 98.71981 , 1.006639 
0.2 , 0.1 , 1.397257 , 1.65192 , 118.2259 , 0.4297869 
0.3 , 0.1 , 3.381872 , 2.890953 , 85.4838 , 1.070284 
0.3 , 0.1 , 3.002246 , 2.934843 , 97.75494 , 0.7052664 
0.3 , 0.1 , 2.790322 , 2.445378 , 87.63781 , 0.459956 
0.3 , 0.1 , 3.207113 , 2.691521 , 83.92349 , 0.9469237 
0.3 , 0.1 , 3.139089 , 2.401078 , 76.48962 , 0.83625 
0.3 , 0.1 , 3.35823 , 2.68633 , 79.99242 , 1.061195 
0.3 , 0.1 , 2.452006 , 2.565417 , 104.6252 , 0.1316726 
0.3 , 0.1 , 3.03653 , 2.7691 , 91.19291 , 0.7238035 
0.3 , 0.1 , 2.582371 , 1.980024 , 76.67466 , 0.2925971 
0.3 , 0.1 , 2.941607 , 2.716048 , 92.33212 , 0.6195055 
0.4 , 0.1 , 5.280578 , 2.844998 , 53.87665 , 1.019397 
0.4 , 0.1 , 5.148603 , 3.647571 , 70.84584 , 0.9401575 
0.4 , 0.1 , 4.901174 , 3.607681 , 73.60851 , 0.6457676 
0.4 , 0.1 , 4.556837 , 3.088225 , 67.77123 , 0.259553 
0.4 , 0.1 , 4.975711 , 3.512716 , 70.59727 , 0.7531202 
0.4 , 0.1 , 4.734602 , 3.496658 , 73.85326 , 0.5009631 
0.4 , 0.1 , 4.7557 , 3.042747 , 63.98105 , 0.5096266 
0.4 , 0.1 , 4.169013 , 2.910485 , 69.81232 , -0.0217705 
0.4 , 0.1 , 4.87793 , 3.805523 , 78.01511 , 0.6166793 
0.4 , 0.1 , 4.748387 , 3.073152 , 64.7199 , 0.5222945 
0.5 , 0.1 , 7.058246 , 4.254574 , 60.27807 , 0.4556498 
0.5 , 0.1 , 6.946385 , 4.188764 , 60.30134 , 0.3811881 
0.5 , 0.1 , 6.847226 , 3.306168 , 48.28477 , 0.3005115 
0.5 , 0.1 , 6.12509 , 3.906071 , 63.77164 , -0.4479817 
0.5 , 0.1 , 7.71673 , 3.941094 , 51.07208 , 1.170549 
0.5 , 0.1 , 6.563085 , 3.429066 , 52.24777 , -0.07145003 
0.5 , 0.1 , 6.919333 , 4.018711 , 58.07946 , 0.3112593 
0.5 , 0.1 , 7.066103 , 3.842931 , 54.38543 , 0.3738124 
0.5 , 0.1 , 7.600353 , 4.072855 , 53.58771 , 1.021469 
0.5 , 0.1 , 7.187043 , 4.022204 , 55.96466 , 0.5925128 
0.6 , 0.1 , 9.836209 , 4.804338 , 48.84339 , 0.450779 
0.6 , 0.1 , 9.771328 , 4.813186 , 49.25827 , 0.4380912 
0.6 , 0.1 , 10.31389 , 4.497419 , 43.60547 , 0.9622929 
0.6 , 0.1 , 9.253607 , 4.768624 , 51.5326 , -0.1344062 
0.6 , 0.1 , 10.24805 , 4.662647 , 45.49789 , 0.847795 
0.6 , 0.1 , 10.39319 , 4.456154 , 42.87572 , 1.03125 
0.6 , 0.1 , 9.993776 , 4.278958 , 42.81623 , 0.6596109 
0.6 , 0.1 , 9.92493 , 4.307579 , 43.40161 , 0.5766608 
0.6 , 0.1 , 9.632291 , 3.872194 , 40.20014 , 0.3770836 
0.6 , 0.1 , 10.15586 , 4.283014 , 42.17283 , 0.7026086 
0.7 , 0.1 , 11.95901 , 4.594237 , 38.41654 , -0.3363954 
0.7 , 0.1 , 13.15818 , 5.352799 , 40.68039 , 0.9073802 
0.7 , 0.1 , 12.83376 , 4.869125 , 37.93998 , 0.5115356 
0.7 , 0.1 , 12.75301 , 5.19587 , 40.7423 , 0.4866529 
0.7 , 0.1 , 12.76002 , 5.250294 , 41.14645 , 0.556637 
0.7 , 0.1 , 13.30293 , 5.849613 , 43.97237 , 0.952256 
0.7 , 0.1 , 12.33089 , 5.181489 , 42.02039 , 0.02390626 
0.7 , 0.1 , 12.89549 , 4.210726 , 32.65272 , 0.6034422 
0.7 , 0.1 , 13.19533 , 5.025465 , 38.08518 , 0.9024226 
0.7 , 0.1 , 12.16698 , 5.186016 , 42.62369 , -0.1484864 
0.8 , 0.1 , 15.03521 , 5.275269 , 35.0861 , -0.1444894 
0.8 , 0.1 , 15.26107 , 4.97634 , 32.60807 , 0.1189951 
0.8 , 0.1 , 15.3742 , 5.263837 , 34.23813 , 0.1088302 
0.8 , 0.1 , 15.28046 , 5.521856 , 36.13672 , 0.1397499 
0.8 , 0.1 , 15.32472 , 5.027396 , 32.80579 , 0.04847018 
0.8 , 0.1 , 15.7385 , 5.838995 , 37.10007 , 0.5934611 
0.8 , 0.1 , 14.91955 , 4.854294 , 32.53646 , -0.2772087 
0.8 , 0.1 , 14.1711 , 5.413162 , 38.19861 , -0.9909157 
0.8 , 0.1 , 14.78126 , 5.260275 , 35.58747 , -0.319651 
0.8 , 0.1 , 15.91586 , 5.999573 , 37.69556 , 0.7670205 
0.9 , 0.1 , 18.41142 , 6.372298 , 34.61057 , 0.4849565 
0.9 , 0.1 , 18.62246 , 6.077195 , 32.63369 , 0.6721865 
0.9 , 0.1 , 18.47973 , 5.673674 , 30.70214 , 0.5477046 
0.9 , 0.1 , 17.54856 , 4.991696 , 28.44505 , -0.3800188 
0.9 , 0.1 , 17.59447 , 5.678579 , 32.27479 , -0.3258026 
0.9 , 0.1 , 18.49098 , 5.661697 , 30.61869 , 0.6545842 
0.9 , 0.1 , 17.53155 , 5.533603 , 31.56369 , -0.4997401 
0.9 , 0.1 , 18.51418 , 5.792158 , 31.28499 , 0.5504875 
0.9 , 0.1 , 18.97559 , 5.675783 , 29.91097 , 0.9503154 
0.9 , 0.1 , 18.54285 , 6.017071 , 32.44955 , 0.4636164 
1 , 0.1 , 19.54837 , 6.279679 , 32.1238 , -0.7402647 
1 , 0.1 , 20.6148 , 6.241941 , 30.27894 , 0.3381521 
1 , 0.1 , 20.60231 , 5.81756 , 28.23742 , 0.3229395 
1 , 0.1 , 20.98838 , 6.335671 , 30.18656 , 0.6437245 
1 , 0.1 , 19.83215 , 6.215864 , 31.34235 , -0.465034 
1 , 0.1 , 20.04483 , 5.895778 , 29.41296 , -0.3362282 
1 , 0.1 , 21.46967 , 6.881821 , 32.05368 , 1.017881 
1 , 0.1 , 21.29058 , 5.749875 , 27.00666 , 0.9400454 
1 , 0.1 , 20.20344 , 7.396202 , 36.60862 , -0.1061821 
1 , 0.1 , 21.03402 , 6.686847 , 31.79063 , 0.6174508 

