#param, sd.noise, mean.vp.estimate, sd.vp.estimate, relative.uncertainty, bias 
0 , 0 , 46.30224 , 5.601092 , 12.0968 , 0.1631757 
0 , 0 , 46.37958 , 5.415371 , 11.6762 , 0.2406885 
0 , 0 , 46.64657 , 6.019472 , 12.90443 , 0.5414865 
0 , 0 , 46.03127 , 6.464506 , 14.04373 , -0.09954752 
0 , 0 , 45.79598 , 5.958577 , 13.01113 , -0.334427 
0 , 0 , 46.39345 , 5.773717 , 12.44511 , 0.1849521 
0 , 0 , 46.96675 , 5.870729 , 12.49976 , 0.8006229 
0 , 0 , 46.04542 , 6.609033 , 14.35329 , -0.08571318 
0 , 0 , 47.15315 , 7.072281 , 14.99853 , 1.002514 
0 , 0 , 45.38423 , 5.583262 , 12.30221 , -0.7348128 
0.1 , 0 , 42.54232 , 5.695028 , 13.38673 , -3.698987 
0.1 , 0 , 42.04544 , 5.132237 , 12.20641 , -4.066108 
0.1 , 0 , 41.21737 , 5.662163 , 13.73732 , -5.017992 
0.1 , 0 , 41.49731 , 5.214043 , 12.56477 , -4.609821 
0.1 , 0 , 40.90009 , 5.413549 , 13.23603 , -5.168651 
0.1 , 0 , 41.78775 , 4.756885 , 11.38344 , -4.352429 
0.1 , 0 , 41.43055 , 5.992017 , 14.4628 , -4.692753 
0.1 , 0 , 41.3288 , 5.593158 , 13.53332 , -4.882248 
0.1 , 0 , 42.20557 , 4.963185 , 11.75955 , -3.881515 
0.1 , 0 , 42.0061 , 4.628088 , 11.01765 , -4.13772 
0.2 , 0 , 36.17585 , 5.071762 , 14.01975 , -9.975787 
0.2 , 0 , 36.89978 , 4.891696 , 13.25671 , -9.245248 
0.2 , 0 , 36.79415 , 5.005195 , 13.60324 , -9.467082 
0.2 , 0 , 36.57331 , 5.058377 , 13.83079 , -9.543444 
0.2 , 0 , 36.63364 , 4.493703 , 12.2666 , -9.507644 
0.2 , 0 , 37.02193 , 5.442026 , 14.69947 , -9.184616 
0.2 , 0 , 36.27824 , 4.79154 , 13.20775 , -9.902486 
0.2 , 0 , 36.92618 , 4.564578 , 12.36136 , -9.274909 
0.2 , 0 , 36.44087 , 4.824467 , 13.23917 , -9.710916 
0.2 , 0 , 36.87325 , 5.384798 , 14.60354 , -9.301484 
0.3 , 0 , 31.85364 , 4.362123 , 13.69427 , -14.23534 
0.3 , 0 , 30.48332 , 3.728451 , 12.23112 , -15.65936 
0.3 , 0 , 30.53019 , 4.391327 , 14.38356 , -15.53484 
0.3 , 0 , 30.59338 , 3.965597 , 12.96227 , -15.53163 
0.3 , 0 , 30.69543 , 4.040836 , 13.16429 , -15.48508 
0.3 , 0 , 31.01193 , 4.223153 , 13.61784 , -15.16813 
0.3 , 0 , 31.51096 , 4.225641 , 13.41007 , -14.65997 
0.3 , 0 , 31.13677 , 4.28857 , 13.77333 , -14.99292 
0.3 , 0 , 31.10647 , 4.506757 , 14.48817 , -15.09627 
0.3 , 0 , 30.98411 , 4.597995 , 14.83985 , -15.18963 
0.4 , 0 , 25.00106 , 2.86198 , 11.44744 , -21.10017 
0.4 , 0 , 24.66835 , 3.171107 , 12.85496 , -21.52492 
0.4 , 0 , 24.84493 , 3.50762 , 14.11805 , -21.29719 
0.4 , 0 , 25.4322 , 3.218795 , 12.65638 , -20.7516 
0.4 , 0 , 25.01525 , 3.124669 , 12.49106 , -21.10523 
0.4 , 0 , 25.29903 , 3.119745 , 12.33148 , -20.85433 
0.4 , 0 , 25.31508 , 3.845601 , 15.19095 , -20.77483 
0.4 , 0 , 24.53389 , 3.330078 , 13.57338 , -21.55503 
0.4 , 0 , 25.44847 , 3.925045 , 15.4235 , -20.73643 
0.4 , 0 , 24.51194 , 3.536645 , 14.42826 , -21.59481 
0.5 , 0 , 19.34166 , 2.840067 , 14.68368 , -26.88008 
0.5 , 0 , 18.79465 , 2.789859 , 14.8439 , -27.35565 
0.5 , 0 , 19.27489 , 2.888808 , 14.98742 , -26.83132 
0.5 , 0 , 18.40585 , 2.595803 , 14.10314 , -27.82312 
0.5 , 0 , 19.10784 , 3.526181 , 18.4541 , -27.02108 
0.5 , 0 , 19.31515 , 2.718554 , 14.07472 , -26.82986 
0.5 , 0 , 19.51987 , 2.501072 , 12.81295 , -26.73246 
0.5 , 0 , 19.36923 , 2.784104 , 14.37385 , -26.74818 
0.5 , 0 , 18.96473 , 2.753897 , 14.52115 , -27.15118 
0.5 , 0 , 19.07973 , 2.427021 , 12.72042 , -27.08169 
0.6 , 0 , 12.86061 , 2.066952 , 16.07196 , -33.28468 
0.6 , 0 , 13.21911 , 1.976913 , 14.95496 , -32.94603 
0.6 , 0 , 13.07909 , 1.911968 , 14.61851 , -33.11387 
0.6 , 0 , 13.33237 , 1.865049 , 13.98887 , -32.85735 
0.6 , 0 , 13.21715 , 1.884392 , 14.25717 , -32.88221 
0.6 , 0 , 13.1565 , 1.651132 , 12.54993 , -32.98574 
0.6 , 0 , 13.25006 , 2.033902 , 15.35014 , -33.08356 
0.6 , 0 , 13.10685 , 1.738324 , 13.26272 , -33.0859 
0.6 , 0 , 13.1381 , 1.706181 , 12.98652 , -33.03191 
0.6 , 0 , 13.20769 , 1.97443 , 14.94909 , -32.87258 
0.7 , 0 , 8.215014 , 1.278382 , 15.56153 , -37.93089 
0.7 , 0 , 7.911908 , 1.213707 , 15.34025 , -38.26028 
0.7 , 0 , 7.746334 , 1.005685 , 12.98272 , -38.32922 
0.7 , 0 , 7.977495 , 1.342805 , 16.83241 , -38.29325 
0.7 , 0 , 7.841568 , 1.121865 , 14.30664 , -38.24476 
0.7 , 0 , 8.024015 , 1.110564 , 13.8405 , -38.28257 
0.7 , 0 , 8.052187 , 1.227545 , 15.24486 , -38.00507 
0.7 , 0 , 8.044565 , 1.216512 , 15.12215 , -38.08214 
0.7 , 0 , 8.131069 , 1.148438 , 14.12407 , -38.15718 
0.7 , 0 , 7.790828 , 1.134855 , 14.56655 , -38.38309 
0.8 , 0 , 3.697492 , 0.6115978 , 16.54088 , -42.44145 
0.8 , 0 , 3.731014 , 0.6244335 , 16.7363 , -42.45392 
0.8 , 0 , 3.726161 , 0.612892 , 16.44835 , -42.42761 
0.8 , 0 , 3.716003 , 0.6482066 , 17.44365 , -42.49219 
0.8 , 0 , 3.798833 , 0.6611584 , 17.40425 , -42.29891 
0.8 , 0 , 3.738072 , 0.6923937 , 18.52275 , -42.44777 
0.8 , 0 , 3.789191 , 0.6597213 , 17.41061 , -42.29104 
0.8 , 0 , 3.792583 , 0.6039092 , 15.92343 , -42.32507 
0.8 , 0 , 3.750783 , 0.6510047 , 17.3565 , -42.45701 
0.8 , 0 , 3.747848 , 0.5790618 , 15.45051 , -42.42685 
0.9 , 0 , 0.9543326 , 0.2308968 , 24.19458 , -45.21239 
0.9 , 0 , 1.002928 , 0.2369101 , 23.62184 , -45.1539 
0.9 , 0 , 0.9392252 , 0.2536778 , 27.00926 , -45.25397 
0.9 , 0 , 1.00404 , 0.240187 , 23.92205 , -45.06269 
0.9 , 0 , 1.006388 , 0.216064 , 21.46927 , -45.19972 
0.9 , 0 , 0.9432985 , 0.2407109 , 25.518 , -45.15845 
0.9 , 0 , 0.9906814 , 0.2260958 , 22.82226 , -45.26671 
0.9 , 0 , 0.9695776 , 0.2555897 , 26.36094 , -45.14661 
0.9 , 0 , 0.9845086 , 0.2352794 , 23.89816 , -45.12239 
0.9 , 0 , 0.9571353 , 0.2548522 , 26.62656 , -45.15077 
0 , 0.01 , 45.95737 , 5.540875 , 12.05655 , 0.4078471 
0 , 0.01 , 46.56093 , 5.145129 , 11.05031 , 0.9751423 
0 , 0.01 , 45.09199 , 5.819429 , 12.90568 , -0.491404 
0 , 0.01 , 45.00297 , 6.028758 , 13.39636 , -0.5772247 
0 , 0.01 , 46.08643 , 5.977633 , 12.97048 , 0.529007 
0 , 0.01 , 44.92283 , 5.775536 , 12.85657 , -0.6380752 
0 , 0.01 , 46.04775 , 4.605989 , 10.00264 , 0.5801289 
0 , 0.01 , 46.21361 , 5.441512 , 11.7747 , 0.63011 
0 , 0.01 , 45.44938 , 5.769763 , 12.69492 , -0.1199173 
0 , 0.01 , 45.09499 , 5.771653 , 12.79888 , -0.3975249 
0.1 , 0.01 , 41.21108 , 4.75576 , 11.54 , -4.366488 
0.1 , 0.01 , 40.86892 , 5.168606 , 12.64679 , -4.72866 
0.1 , 0.01 , 40.87209 , 4.799752 , 11.74335 , -4.683115 
0.1 , 0.01 , 40.63778 , 5.910498 , 14.54434 , -4.939688 
0.1 , 0.01 , 41.09891 , 5.943039 , 14.46033 , -4.465645 
0.1 , 0.01 , 40.8572 , 6.070443 , 14.85771 , -4.728505 
0.1 , 0.01 , 41.90745 , 6.156536 , 14.69079 , -3.568226 
0.1 , 0.01 , 41.17226 , 5.205366 , 12.6429 , -4.265758 
0.1 , 0.01 , 40.50342 , 5.174683 , 12.77592 , -5.102065 
0.1 , 0.01 , 41.29365 , 5.595208 , 13.5498 , -4.27213 
0.2 , 0.01 , 35.83809 , 4.948192 , 13.80707 , -9.659944 
0.2 , 0.01 , 35.95548 , 5.009099 , 13.93139 , -9.572576 
0.2 , 0.01 , 35.17012 , 5.226203 , 14.85978 , -10.32698 
0.2 , 0.01 , 34.7841 , 4.802498 , 13.80659 , -10.7771 
0.2 , 0.01 , 36.007 , 4.736105 , 13.15329 , -9.674391 
0.2 , 0.01 , 35.65209 , 4.409744 , 12.36882 , -9.936782 
0.2 , 0.01 , 36.34007 , 4.976169 , 13.69334 , -9.176465 
0.2 , 0.01 , 35.85041 , 4.930835 , 13.75392 , -9.673867 
0.2 , 0.01 , 36.75719 , 4.780914 , 13.00675 , -8.831871 
0.2 , 0.01 , 35.75542 , 4.965117 , 13.88633 , -9.727604 
0.3 , 0.01 , 31.00013 , 4.560614 , 14.7116 , -14.64982 
0.3 , 0.01 , 30.85737 , 4.222813 , 13.68494 , -14.66785 
0.3 , 0.01 , 30.54217 , 4.205364 , 13.76904 , -14.91445 
0.3 , 0.01 , 29.6378 , 4.059509 , 13.69706 , -15.87283 
0.3 , 0.01 , 30.00323 , 4.529569 , 15.09694 , -15.47562 
0.3 , 0.01 , 30.8101 , 4.980687 , 16.16576 , -14.79005 
0.3 , 0.01 , 30.74448 , 3.860031 , 12.5552 , -14.76923 
0.3 , 0.01 , 30.55735 , 4.653036 , 15.22723 , -15.04317 
0.3 , 0.01 , 30.93342 , 3.613289 , 11.68086 , -14.71023 
0.3 , 0.01 , 30.61656 , 4.305158 , 14.06153 , -14.92558 
0.4 , 0.01 , 24.2874 , 3.699802 , 15.23343 , -21.40074 
0.4 , 0.01 , 24.59046 , 3.177043 , 12.91982 , -20.94182 
0.4 , 0.01 , 24.62214 , 4.281521 , 17.38891 , -20.87633 
0.4 , 0.01 , 25.21677 , 3.583272 , 14.20988 , -20.34854 
0.4 , 0.01 , 24.79276 , 3.433738 , 13.84976 , -20.7477 
0.4 , 0.01 , 24.75575 , 3.53734 , 14.28897 , -20.7606 
0.4 , 0.01 , 24.40949 , 3.778872 , 15.48116 , -21.17765 
0.4 , 0.01 , 25.10656 , 3.203349 , 12.75901 , -20.37077 
0.4 , 0.01 , 25.11447 , 3.274873 , 13.03978 , -20.39652 
0.4 , 0.01 , 24.60854 , 3.799133 , 15.43827 , -20.98709 
0.5 , 0.01 , 18.61317 , 2.912993 , 15.65018 , -26.91071 
0.5 , 0.01 , 18.88258 , 3.003583 , 15.90664 , -26.66056 
0.5 , 0.01 , 18.91082 , 2.916723 , 15.42357 , -26.58892 
0.5 , 0.01 , 18.69305 , 2.809565 , 15.03 , -26.90577 
0.5 , 0.01 , 18.14037 , 2.809868 , 15.48959 , -27.39384 
0.5 , 0.01 , 18.82131 , 2.852662 , 15.15656 , -26.64589 
0.5 , 0.01 , 19.44046 , 3.149701 , 16.20178 , -26.15848 
0.5 , 0.01 , 19.08857 , 2.702899 , 14.15977 , -26.28765 
0.5 , 0.01 , 18.68292 , 2.845919 , 15.23274 , -26.87287 
0.5 , 0.01 , 18.7079 , 3.37602 , 18.04596 , -26.80158 
0.6 , 0.01 , 12.76457 , 2.013696 , 15.77567 , -32.69462 
0.6 , 0.01 , 12.95739 , 2.105883 , 16.25237 , -32.74085 
0.6 , 0.01 , 12.93606 , 2.243002 , 17.33915 , -32.6013 
0.6 , 0.01 , 13.32074 , 2.188262 , 16.42748 , -32.11268 
0.6 , 0.01 , 13.07942 , 2.156257 , 16.48587 , -32.51648 
0.6 , 0.01 , 12.73362 , 2.01022 , 15.7867 , -32.79183 
0.6 , 0.01 , 13.07492 , 2.408026 , 18.41714 , -32.43379 
0.6 , 0.01 , 13.1368 , 2.13906 , 16.28296 , -32.33394 
0.6 , 0.01 , 13.05309 , 2.271686 , 17.40344 , -32.39178 
0.6 , 0.01 , 12.87439 , 1.953472 , 15.17331 , -32.7174 
0.7 , 0.01 , 7.714916 , 1.613163 , 20.90966 , -37.82855 
0.7 , 0.01 , 7.870399 , 1.47363 , 18.7237 , -37.60561 
0.7 , 0.01 , 7.859154 , 1.344645 , 17.10928 , -37.61953 
0.7 , 0.01 , 7.550537 , 1.486028 , 19.68109 , -37.87861 
0.7 , 0.01 , 7.813607 , 1.426336 , 18.25452 , -37.86658 
0.7 , 0.01 , 7.556052 , 1.442742 , 19.09386 , -37.94119 
0.7 , 0.01 , 8.073125 , 1.298827 , 16.08828 , -37.61909 
0.7 , 0.01 , 7.656648 , 1.449407 , 18.93005 , -37.92158 
0.7 , 0.01 , 7.717222 , 1.357544 , 17.5911 , -37.83148 
0.7 , 0.01 , 7.70497 , 1.443831 , 18.73896 , -37.88837 
0.8 , 0.01 , 3.547389 , 0.9015127 , 25.41341 , -42.0357 
0.8 , 0.01 , 3.710742 , 0.9681031 , 26.08921 , -41.8603 
0.8 , 0.01 , 3.556524 , 0.9382843 , 26.38206 , -42.06329 
0.8 , 0.01 , 3.434894 , 0.8838496 , 25.73149 , -42.01637 
0.8 , 0.01 , 3.507164 , 1.03458 , 29.49905 , -42.05124 
0.8 , 0.01 , 3.580217 , 0.8538974 , 23.85044 , -41.97318 
0.8 , 0.01 , 3.581818 , 0.8183967 , 22.84864 , -41.86555 
0.8 , 0.01 , 3.516284 , 0.8402337 , 23.8955 , -42.06667 
0.8 , 0.01 , 3.658815 , 0.9421286 , 25.74956 , -41.90981 
0.8 , 0.01 , 3.571443 , 0.9079156 , 25.42153 , -41.9072 
0.9 , 0.01 , 0.9357513 , 0.4149611 , 44.34524 , -44.55275 
0.9 , 0.01 , 1.036848 , 0.4576391 , 44.13755 , -44.63142 
0.9 , 0.01 , 1.038405 , 0.5411766 , 52.11614 , -44.53558 
0.9 , 0.01 , 1.057707 , 0.4706775 , 44.49982 , -44.50531 
0.9 , 0.01 , 0.8931244 , 0.465735 , 52.1467 , -44.61604 
0.9 , 0.01 , 0.9668782 , 0.444271 , 45.94901 , -44.57345 
0.9 , 0.01 , 1.000505 , 0.4305145 , 43.0297 , -44.64309 
0.9 , 0.01 , 0.9431056 , 0.4277374 , 45.35413 , -44.65118 
0.9 , 0.01 , 1.003542 , 0.446648 , 44.50718 , -44.51394 
0.9 , 0.01 , 0.9794816 , 0.44065 , 44.98809 , -44.5546 
0 , 0.05 , 34.67231 , 5.507498 , 15.88443 , 0.1925675 
0 , 0.05 , 34.14537 , 6.250499 , 18.30555 , -0.3207251 
0 , 0.05 , 34.72336 , 6.255613 , 18.01557 , 0.09791316 
0 , 0.05 , 35.5519 , 6.139269 , 17.26847 , 0.988529 
0 , 0.05 , 33.35683 , 5.923005 , 17.7565 , -1.113418 
0 , 0.05 , 35.2818 , 5.736616 , 16.25942 , 0.7232935 
0 , 0.05 , 33.52891 , 5.932398 , 17.69338 , -1.060053 
0 , 0.05 , 34.43152 , 5.349077 , 15.53541 , -0.06456566 
0 , 0.05 , 34.20627 , 6.010329 , 17.57084 , -0.3772775 
0 , 0.05 , 35.53194 , 5.136487 , 14.45597 , 1.034662 
0.1 , 0.05 , 30.40776 , 5.779365 , 19.00622 , -4.124285 
0.1 , 0.05 , 30.70087 , 5.984067 , 19.49152 , -3.761965 
0.1 , 0.05 , 30.51175 , 5.698193 , 18.6754 , -4.011498 
0.1 , 0.05 , 30.65675 , 5.32069 , 17.35569 , -3.973262 
0.1 , 0.05 , 31.49537 , 6.184118 , 19.63501 , -2.981145 
0.1 , 0.05 , 30.82637 , 5.672796 , 18.40242 , -3.693487 
0.1 , 0.05 , 30.23949 , 5.91908 , 19.574 , -4.283412 
0.1 , 0.05 , 32.12615 , 6.14922 , 19.14086 , -2.384214 
0.1 , 0.05 , 31.69641 , 5.923687 , 18.68883 , -2.888254 
0.1 , 0.05 , 30.08842 , 5.334288 , 17.72871 , -4.431508 
0.2 , 0.05 , 25.89415 , 5.66146 , 21.86386 , -8.622921 
0.2 , 0.05 , 26.03914 , 5.728672 , 22.00023 , -8.510241 
0.2 , 0.05 , 25.73724 , 5.396714 , 20.9685 , -8.765926 
0.2 , 0.05 , 25.53714 , 5.776021 , 22.61812 , -8.979877 
0.2 , 0.05 , 25.96231 , 5.193454 , 20.00382 , -8.644385 
0.2 , 0.05 , 26.45645 , 5.986099 , 22.62624 , -8.137322 
0.2 , 0.05 , 26.55163 , 5.549357 , 20.90025 , -8.061654 
0.2 , 0.05 , 25.8025 , 5.566181 , 21.57225 , -8.790767 
0.2 , 0.05 , 26.14844 , 5.304397 , 20.28571 , -8.433304 
0.2 , 0.05 , 26.30262 , 5.411834 , 20.57526 , -8.284806 
0.3 , 0.05 , 21.46057 , 5.148691 , 23.9914 , -13.20154 
0.3 , 0.05 , 21.64948 , 4.733254 , 21.86313 , -12.87253 
0.3 , 0.05 , 21.79816 , 5.703597 , 26.1655 , -12.74358 
0.3 , 0.05 , 22.63306 , 5.272923 , 23.29744 , -11.86403 
0.3 , 0.05 , 21.06526 , 5.272546 , 25.02958 , -13.48598 
0.3 , 0.05 , 21.72572 , 4.634782 , 21.33316 , -12.74819 
0.3 , 0.05 , 22.29647 , 5.401834 , 24.22731 , -12.26517 
0.3 , 0.05 , 20.36754 , 4.681506 , 22.98514 , -14.2357 
0.3 , 0.05 , 21.67801 , 4.250137 , 19.60576 , -12.8691 
0.3 , 0.05 , 21.30868 , 4.923388 , 23.10508 , -13.18087 
0.4 , 0.05 , 16.57414 , 5.060531 , 30.5327 , -17.9786 
0.4 , 0.05 , 16.07362 , 4.588607 , 28.54744 , -18.41161 
0.4 , 0.05 , 17.47042 , 4.668656 , 26.7232 , -17.09672 
0.4 , 0.05 , 16.661 , 5.023482 , 30.15115 , -17.89538 
0.4 , 0.05 , 16.62187 , 4.193955 , 25.23154 , -17.92351 
0.4 , 0.05 , 16.59047 , 4.186558 , 25.23471 , -18.02902 
0.4 , 0.05 , 16.83317 , 4.431424 , 26.32555 , -17.71411 
0.4 , 0.05 , 17.31199 , 4.023545 , 23.24137 , -17.16397 
0.4 , 0.05 , 16.66781 , 4.807846 , 28.8451 , -17.86495 
0.4 , 0.05 , 16.82157 , 5.166426 , 30.71311 , -17.62964 
0.5 , 0.05 , 12.52772 , 4.498689 , 35.90989 , -22.01628 
0.5 , 0.05 , 12.43074 , 4.258442 , 34.25735 , -22.13673 
0.5 , 0.05 , 12.21884 , 4.373475 , 35.79287 , -22.33139 
0.5 , 0.05 , 13.17442 , 4.338034 , 32.9277 , -21.43221 
0.5 , 0.05 , 12.32219 , 4.321001 , 35.06682 , -22.18284 
0.5 , 0.05 , 12.26739 , 4.52409 , 36.87899 , -22.28198 
0.5 , 0.05 , 12.45763 , 4.06485 , 32.62941 , -22.1067 
0.5 , 0.05 , 12.40391 , 4.134622 , 33.33323 , -22.10672 
0.5 , 0.05 , 12.35627 , 3.845325 , 31.12044 , -22.27445 
0.5 , 0.05 , 12.82987 , 3.768783 , 29.37508 , -21.71597 
0.6 , 0.05 , 7.786907 , 2.891574 , 37.13379 , -26.72858 
0.6 , 0.05 , 8.007887 , 3.31049 , 41.34037 , -26.60877 
0.6 , 0.05 , 8.486106 , 3.303423 , 38.92743 , -26.06001 
0.6 , 0.05 , 8.378468 , 3.413902 , 40.74613 , -26.21672 
0.6 , 0.05 , 8.772767 , 3.975599 , 45.3175 , -25.74944 
0.6 , 0.05 , 8.580289 , 3.141243 , 36.60999 , -25.86717 
0.6 , 0.05 , 7.963425 , 3.724445 , 46.76939 , -26.55902 
0.6 , 0.05 , 8.32561 , 3.011787 , 36.17497 , -26.22295 
0.6 , 0.05 , 8.100101 , 2.869873 , 35.43009 , -26.61035 
0.6 , 0.05 , 7.807461 , 3.483584 , 44.61866 , -26.80031 
0.7 , 0.05 , 5.315069 , 3.08296 , 58.00414 , -29.15797 
0.7 , 0.05 , 4.586914 , 2.515193 , 54.8341 , -30.06392 
0.7 , 0.05 , 4.778555 , 2.78137 , 58.20524 , -29.73368 
0.7 , 0.05 , 4.777739 , 2.598075 , 54.37875 , -29.68519 
0.7 , 0.05 , 4.779559 , 2.930295 , 61.3089 , -29.81089 
0.7 , 0.05 , 5.122539 , 2.803641 , 54.73147 , -29.39022 
0.7 , 0.05 , 4.407896 , 2.447286 , 55.5205 , -30.1324 
0.7 , 0.05 , 5.480466 , 3.159262 , 57.64587 , -29.04994 
0.7 , 0.05 , 4.452139 , 2.515571 , 56.50253 , -30.11396 
0.7 , 0.05 , 4.834294 , 2.742324 , 56.72646 , -29.6634 
0.8 , 0.05 , 2.316328 , 1.757538 , 75.87601 , -32.26309 
0.8 , 0.05 , 2.247998 , 1.635403 , 72.74931 , -32.23986 
0.8 , 0.05 , 2.477118 , 1.671034 , 67.45881 , -32.0432 
0.8 , 0.05 , 2.448284 , 2.011571 , 82.16247 , -32.22874 
0.8 , 0.05 , 2.2529 , 1.838468 , 81.60449 , -32.27598 
0.8 , 0.05 , 2.097477 , 1.879271 , 89.59676 , -32.35342 
0.8 , 0.05 , 2.299523 , 1.832018 , 79.66948 , -32.22568 
0.8 , 0.05 , 2.687086 , 1.938566 , 72.1438 , -31.76074 
0.8 , 0.05 , 2.939194 , 2.137707 , 72.73104 , -31.55608 
0.8 , 0.05 , 2.753598 , 2.499566 , 90.77454 , -31.729 
0.9 , 0.05 , 0.9335547 , 1.099736 , 117.8009 , -33.5889 
0.9 , 0.05 , 0.970317 , 1.144265 , 117.9269 , -33.59545 
0.9 , 0.05 , 1.088463 , 1.444747 , 132.7328 , -33.35719 
0.9 , 0.05 , 0.941608 , 1.01457 , 107.7487 , -33.68745 
0.9 , 0.05 , 1.096263 , 1.355669 , 123.6628 , -33.40016 
0.9 , 0.05 , 0.8161715 , 1.029888 , 126.1852 , -33.72927 
0.9 , 0.05 , 0.8028938 , 1.231974 , 153.4417 , -33.69697 
0.9 , 0.05 , 1.083964 , 1.513041 , 139.5841 , -33.41937 
0.9 , 0.05 , 0.6830641 , 0.7956567 , 116.4835 , -33.96828 
0.9 , 0.05 , 0.9428486 , 1.117149 , 118.4865 , -33.50605 
0 , 0.1 , 19.92506 , 6.471216 , 32.47777 , -0.4176095 
0 , 0.1 , 20.64085 , 6.509008 , 31.53459 , 0.3009914 
0 , 0.1 , 19.93974 , 6.427118 , 32.23271 , -0.3652486 
0 , 0.1 , 20.82098 , 5.979475 , 28.71851 , 0.503257 
0 , 0.1 , 20.03582 , 6.00792 , 29.9859 , -0.242151 
0 , 0.1 , 20.54648 , 6.852545 , 33.35143 , 0.2588726 
0 , 0.1 , 20.9681 , 5.964196 , 28.44414 , 0.7250919 
0 , 0.1 , 21.33088 , 6.175809 , 28.95243 , 1.020287 
0 , 0.1 , 20.90486 , 6.931028 , 33.15511 , 0.5018511 
0 , 0.1 , 19.93601 , 6.219309 , 31.19635 , -0.3394024 
0.1 , 0.1 , 17.594 , 5.944072 , 33.78465 , -2.695651 
0.1 , 0.1 , 18.09115 , 5.048467 , 27.90573 , -2.206309 
0.1 , 0.1 , 17.33345 , 5.638426 , 32.52917 , -2.955691 
0.1 , 0.1 , 17.25429 , 5.832601 , 33.80378 , -3.055081 
0.1 , 0.1 , 17.02244 , 4.872452 , 28.6237 , -3.309762 
0.1 , 0.1 , 18.67594 , 5.724773 , 30.6532 , -1.647356 
0.1 , 0.1 , 17.7034 , 5.815382 , 32.84896 , -2.592397 
0.1 , 0.1 , 17.74621 , 5.454021 , 30.73344 , -2.529436 
0.1 , 0.1 , 18.77123 , 6.014547 , 32.0413 , -1.578102 
0.1 , 0.1 , 17.51978 , 5.486193 , 31.31428 , -2.785747 
0.2 , 0.1 , 15.22362 , 5.359072 , 35.20234 , -5.142154 
0.2 , 0.1 , 15.76969 , 6.053884 , 38.38937 , -4.599869 
0.2 , 0.1 , 14.49714 , 4.74272 , 32.71486 , -5.867018 
0.2 , 0.1 , 15.4258 , 5.547092 , 35.95984 , -4.880104 
0.2 , 0.1 , 15.57004 , 5.689145 , 36.53906 , -4.750919 
0.2 , 0.1 , 14.62645 , 5.233732 , 35.78267 , -5.769864 
0.2 , 0.1 , 14.60145 , 5.164649 , 35.3708 , -5.760705 
0.2 , 0.1 , 14.83375 , 4.78212 , 32.2381 , -5.408938 
0.2 , 0.1 , 14.75341 , 5.309814 , 35.99043 , -5.470207 
0.2 , 0.1 , 15.06962 , 5.2651 , 34.9385 , -5.255642 
0.3 , 0.1 , 11.70167 , 5.543435 , 47.37302 , -8.625691 
0.3 , 0.1 , 11.56663 , 5.87046 , 50.75341 , -8.66916 
0.3 , 0.1 , 12.30629 , 5.683471 , 46.18345 , -8.030403 
0.3 , 0.1 , 11.77666 , 5.174328 , 43.93716 , -8.530464 
0.3 , 0.1 , 11.22447 , 5.306203 , 47.27351 , -9.173211 
0.3 , 0.1 , 11.67069 , 5.213332 , 44.67031 , -8.606684 
0.3 , 0.1 , 11.82397 , 5.717147 , 48.35219 , -8.462363 
0.3 , 0.1 , 11.90427 , 4.677278 , 39.29077 , -8.530494 
0.3 , 0.1 , 12.21477 , 4.747411 , 38.86615 , -8.161798 
0.3 , 0.1 , 11.74535 , 4.483679 , 38.17409 , -8.577096 
0.4 , 0.1 , 9.200372 , 4.310465 , 46.85099 , -11.19806 
0.4 , 0.1 , 9.409021 , 5.271309 , 56.02399 , -10.87677 
0.4 , 0.1 , 9.057512 , 4.422479 , 48.82664 , -11.22442 
0.4 , 0.1 , 8.881947 , 4.526351 , 50.96125 , -11.52743 
0.4 , 0.1 , 9.018092 , 4.251466 , 47.14375 , -11.34024 
0.4 , 0.1 , 9.026157 , 5.199381 , 57.60348 , -11.32037 
0.4 , 0.1 , 8.303525 , 3.798099 , 45.7408 , -12.13215 
0.4 , 0.1 , 9.454141 , 5.026662 , 53.16889 , -10.84339 
0.4 , 0.1 , 8.926237 , 4.849956 , 54.33371 , -11.37481 
0.4 , 0.1 , 8.72967 , 4.288827 , 49.12931 , -11.56817 
0.5 , 0.1 , 5.888072 , 3.441478 , 58.4483 , -14.41675 
0.5 , 0.1 , 6.278818 , 3.984864 , 63.46519 , -14.01255 
0.5 , 0.1 , 5.85907 , 3.274899 , 55.89452 , -14.424 
0.5 , 0.1 , 6.443576 , 4.268706 , 66.24747 , -13.91673 
0.5 , 0.1 , 5.99199 , 3.89315 , 64.97258 , -14.42862 
0.5 , 0.1 , 6.275944 , 3.777897 , 60.19647 , -14.10695 
0.5 , 0.1 , 5.977594 , 3.958538 , 66.22293 , -14.30644 
0.5 , 0.1 , 6.328974 , 3.654292 , 57.73909 , -14.12075 
0.5 , 0.1 , 6.578793 , 4.310098 , 65.51503 , -13.80523 
0.5 , 0.1 , 7.332057 , 4.140587 , 56.47238 , -13.12502 
0.6 , 0.1 , 4.005685 , 2.743774 , 68.49699 , -16.25144 
0.6 , 0.1 , 4.008853 , 3.382947 , 84.3869 , -16.35048 
0.6 , 0.1 , 4.559022 , 3.638531 , 79.80945 , -15.71335 
0.6 , 0.1 , 4.378888 , 3.203206 , 73.15114 , -16.01266 
0.6 , 0.1 , 3.935436 , 3.250992 , 82.60816 , -16.29213 
0.6 , 0.1 , 4.326645 , 3.037919 , 70.2142 , -15.92351 
0.6 , 0.1 , 3.722794 , 2.981192 , 80.07942 , -16.61278 
0.6 , 0.1 , 4.341505 , 3.177288 , 73.18401 , -16.03569 
0.6 , 0.1 , 3.777256 , 3.269935 , 86.56905 , -16.58288 
0.6 , 0.1 , 3.962982 , 3.464765 , 87.42824 , -16.32455 
0.7 , 0.1 , 2.477965 , 2.390927 , 96.48751 , -17.98483 
0.7 , 0.1 , 2.904757 , 2.742999 , 94.43129 , -17.38041 
0.7 , 0.1 , 2.474225 , 2.284892 , 92.34779 , -17.78271 
0.7 , 0.1 , 2.785502 , 2.815079 , 101.0618 , -17.53311 
0.7 , 0.1 , 2.231085 , 2.303455 , 103.2437 , -18.17922 
0.7 , 0.1 , 2.353328 , 2.15995 , 91.7828 , -17.96701 
0.7 , 0.1 , 2.248748 , 2.318834 , 103.1167 , -18.13062 
0.7 , 0.1 , 2.485451 , 2.228707 , 89.67012 , -17.8334 
0.7 , 0.1 , 2.493116 , 2.053746 , 82.37668 , -17.7369 
0.7 , 0.1 , 2.831727 , 2.710102 , 95.70492 , -17.56664 
0.8 , 0.1 , 1.743929 , 2.451698 , 140.5848 , -18.5463 
0.8 , 0.1 , 1.666583 , 2.111287 , 126.6835 , -18.70637 
0.8 , 0.1 , 1.559458 , 1.588731 , 101.8772 , -18.75375 
0.8 , 0.1 , 1.492389 , 1.810381 , 121.3076 , -18.88505 
0.8 , 0.1 , 1.566313 , 1.750237 , 111.7425 , -18.74787 
0.8 , 0.1 , 1.385075 , 1.731539 , 125.0141 , -19.01325 
0.8 , 0.1 , 1.23213 , 1.45912 , 118.4226 , -19.13497 
0.8 , 0.1 , 1.526581 , 1.783272 , 116.8148 , -18.82111 
0.8 , 0.1 , 1.433924 , 1.655853 , 115.4771 , -19.10505 
0.8 , 0.1 , 1.482508 , 1.631176 , 110.0281 , -18.87229 
0.9 , 0.1 , 1.079582 , 1.527554 , 141.495 , -19.29517 
0.9 , 0.1 , 0.7663642 , 1.296499 , 169.1753 , -19.6096 
0.9 , 0.1 , 0.9734622 , 1.179492 , 121.1646 , -19.38524 
0.9 , 0.1 , 1.140637 , 1.553446 , 136.191 , -19.28631 
0.9 , 0.1 , 0.9421016 , 1.115439 , 118.399 , -19.26161 
0.9 , 0.1 , 0.624567 , 1.037879 , 166.1758 , -19.80769 
0.9 , 0.1 , 0.8744073 , 1.473765 , 168.5444 , -19.50877 
0.9 , 0.1 , 0.7789324 , 0.965551 , 123.9583 , -19.54801 
0.9 , 0.1 , 1.049655 , 1.564566 , 149.0553 , -19.18251 
0.9 , 0.1 , 0.9902601 , 1.214086 , 122.6027 , -19.3464 

