#param, sd.noise, populationlevel.r2, mean.r2.resampling, sd.r2.resampling, bs.r2, bs.sd, bs.lower, bs.upper
0 , 0.05 , 0.3457485 , 0.3505467 , 0.05787537 , 0.3018687 , 0.05490229 , 0.2038478 , 0.422107 
0 , 0.05 , 0.34585 , 0.3429703 , 0.06149308 , 0.2549544 , 0.04811241 , 0.1653791 , 0.3549451 
0 , 0.05 , 0.3459491 , 0.3409742 , 0.05169636 , 0.3052344 , 0.04892863 , 0.2120028 , 0.4006226 
0 , 0.05 , 0.3452267 , 0.3527732 , 0.0647851 , 0.372274 , 0.06203315 , 0.2517956 , 0.4953593 
0 , 0.05 , 0.3445572 , 0.3400283 , 0.06426305 , 0.3338856 , 0.05795771 , 0.2242976 , 0.4545546 
0 , 0.05 , 0.3445008 , 0.3512351 , 0.05987113 , 0.2524751 , 0.05608483 , 0.1487669 , 0.3650996 
0 , 0.05 , 0.3457571 , 0.340691 , 0.06085249 , 0.2427212 , 0.05534074 , 0.1416219 , 0.3546117 
0 , 0.05 , 0.345755 , 0.3519564 , 0.07426657 , 0.3089892 , 0.05702781 , 0.202427 , 0.4257893 
0 , 0.05 , 0.3453791 , 0.3468357 , 0.05825018 , 0.3139703 , 0.05924931 , 0.1987729 , 0.4263574 
0 , 0.05 , 0.344259 , 0.3427364 , 0.0585528 , 0.3293405 , 0.05072739 , 0.2332215 , 0.4327514 

0.1 , 0.05 , 0.346735 , 0.3085397 , 0.05650765 , 0.3271757 , 0.05379912 , 0.2269016 , 0.4315977 
0.1 , 0.05 , 0.3454698 , 0.3023704 , 0.05236055 , 0.3114085 , 0.0596202 , 0.1991051 , 0.4361673 
0.1 , 0.05 , 0.3449996 , 0.3079153 , 0.05398907 , 0.3136759 , 0.05221666 , 0.2163582 , 0.4269712 
0.1 , 0.05 , 0.345591 , 0.3123831 , 0.06132866 , 0.3194648 , 0.05666607 , 0.2121921 , 0.4334733 
0.1 , 0.05 , 0.3462147 , 0.3081361 , 0.06538556 , 0.3390289 , 0.05960236 , 0.2252126 , 0.4601347 
0.1 , 0.05 , 0.3451787 , 0.294998 , 0.05194464 , 0.2253773 , 0.04282971 , 0.1411 , 0.3101686 
0.1 , 0.05 , 0.3456222 , 0.3009033 , 0.05587025 , 0.2727273 , 0.05237749 , 0.1745587 , 0.3790052 
0.1 , 0.05 , 0.3460867 , 0.3155161 , 0.06014955 , 0.3315984 , 0.06576101 , 0.2092744 , 0.4648998 
0.1 , 0.05 , 0.345266 , 0.3020181 , 0.0588284 , 0.2239305 , 0.05092441 , 0.1305575 , 0.329652 
0.1 , 0.05 , 0.3448436 , 0.3018623 , 0.06440531 , 0.1784219 , 0.04256276 , 0.1017684 , 0.2696622 

0.2 , 0.05 , 0.3455487 , 0.2664971 , 0.05261173 , 0.2100995 , 0.05847757 , 0.1053671 , 0.3295925 
0.2 , 0.05 , 0.3468885 , 0.2678976 , 0.04809767 , 0.247115 , 0.04929531 , 0.1530049 , 0.3450329 
0.2 , 0.05 , 0.3463239 , 0.2689436 , 0.05433453 , 0.2220293 , 0.05111293 , 0.1240601 , 0.3262538 
0.2 , 0.05 , 0.3452679 , 0.2681509 , 0.05220289 , 0.3445219 , 0.05205524 , 0.2448862 , 0.4404283 
0.2 , 0.05 , 0.3453195 , 0.2604205 , 0.04899378 , 0.2701606 , 0.05723856 , 0.1707547 , 0.3867017 
0.2 , 0.05 , 0.3455206 , 0.2744721 , 0.05644114 , 0.2978435 , 0.05839417 , 0.1918732 , 0.4160907 
0.2 , 0.05 , 0.3451534 , 0.2654859 , 0.05858424 , 0.2893527 , 0.05870551 , 0.1801821 , 0.4094549 
0.2 , 0.05 , 0.3449892 , 0.2617683 , 0.06448417 , 0.2264682 , 0.04890874 , 0.1382798 , 0.3250965 
0.2 , 0.05 , 0.3464003 , 0.2658384 , 0.0499047 , 0.3634651 , 0.05244917 , 0.2619247 , 0.4642752 
0.2 , 0.05 , 0.3456036 , 0.2726913 , 0.05535497 , 0.2887562 , 0.05604936 , 0.1893407 , 0.404715 

0.3 , 0.05 , 0.3453927 , 0.2092793 , 0.04987885 , 0.2579565 , 0.05037 , 0.1679555 , 0.3588725 
0.3 , 0.05 , 0.3452634 , 0.2156349 , 0.05813747 , 0.2511359 , 0.05319824 , 0.1568169 , 0.3595543 
0.3 , 0.05 , 0.345497 , 0.2176044 , 0.05488891 , 0.2574331 , 0.04899396 , 0.170888 , 0.3630899 
0.3 , 0.05 , 0.344794 , 0.2147821 , 0.04927727 , 0.3718723 , 0.05962521 , 0.262055 , 0.4882016 
0.3 , 0.05 , 0.3461882 , 0.2047454 , 0.04917524 , 0.1567444 , 0.0442565 , 0.08240661 , 0.2535783 
0.3 , 0.05 , 0.3458419 , 0.2136173 , 0.05141809 , 0.2284112 , 0.04927889 , 0.1352044 , 0.3376672 
0.3 , 0.05 , 0.3452077 , 0.2206655 , 0.0542725 , 0.2123419 , 0.04426495 , 0.1307399 , 0.3022318 
0.3 , 0.05 , 0.3457845 , 0.2269908 , 0.05387161 , 0.1836807 , 0.0475381 , 0.1011586 , 0.2836174 
0.3 , 0.05 , 0.3457595 , 0.2077978 , 0.05196143 , 0.2936849 , 0.05445395 , 0.1871089 , 0.4010628
0.3 , 0.05 , 0.3453818 , 0.2232683 , 0.05651348 , 0.2165758 , 0.0544646 , 0.115492 , 0.3274591 

0.4 , 0.05 , 0.345763 , 0.1719402 , 0.04708616 , 0.1850552 , 0.05402555 , 0.08594664 , 0.2984086 
0.4 , 0.05 , 0.3457735 , 0.1735205 , 0.04488614 , 0.1149058 , 0.03904944 , 0.04796767 , 0.1987445 
0.4 , 0.05 , 0.346246 , 0.1708463 , 0.04914382 , 0.186897 , 0.04598047 , 0.1030852 , 0.2831342 
0.4 , 0.05 , 0.344683 , 0.1664275 , 0.04732368 , 0.1946624 , 0.04987054 , 0.102894 , 0.2932106 
0.4 , 0.05 , 0.3454369 , 0.1701215 , 0.04463849 , 0.115947 , 0.04157603 , 0.04276926 , 0.2027719 
0.4 , 0.05 , 0.3457409 , 0.170028 , 0.04276054 , 0.1581831 , 0.04667587 , 0.07595135 , 0.2617875 
0.4 , 0.05 , 0.3463054 , 0.1730146 , 0.04653594 , 0.1439177 , 0.04815147 , 0.06270804 , 0.2462372 
0.4 , 0.05 , 0.344775 , 0.1689607 , 0.03949848 , 0.1366592 , 0.03194129 , 0.07607416 , 0.2023313 
0.4 , 0.05 , 0.3458668 , 0.1641243 , 0.04357391 , 0.177643 , 0.04781166 , 0.09406036 , 0.2752865 
0.4 , 0.05 , 0.3456979 , 0.1653627 , 0.04868121 , 0.1237742 , 0.03650941 , 0.05776123 , 0.1984962 

0.5 , 0.05 , 0.3450287 , 0.116733 , 0.04706555 , 0.1457353 , 0.03926536 , 0.07156619 , 0.2291489 
0.5 , 0.05 , 0.3449408 , 0.1291768 , 0.03980751 , 0.1172851 , 0.04172307 , 0.05018993 , 0.2140419 
0.5 , 0.05 , 0.3453161 , 0.1192148 , 0.04485018 , 0.08309307 , 0.03174967 , 0.02740562 , 0.1568357 
0.5 , 0.05 , 0.3447769 , 0.1199347 , 0.03916771 , 0.1684775 , 0.04090555 , 0.09423498 , 0.2493462 
0.5 , 0.05 , 0.3470643 , 0.1208754 , 0.04047741 , 0.1670443 , 0.05133447 , 0.07930191 , 0.2739143 
0.5 , 0.05 , 0.3452741 , 0.1251692 , 0.04410751 , 0.1611902 , 0.04645936 , 0.08119121 , 0.2589855 
0.5 , 0.05 , 0.3460109 , 0.1163768 , 0.04330128 , 0.1662345 , 0.04659805 , 0.08222871 , 0.2653376 
0.5 , 0.05 , 0.3440504 , 0.1182009 , 0.03823416 , 0.06301367 , 0.03353835 , 0.01232756 , 0.1357394 
0.5 , 0.05 , 0.3450599 , 0.1220928 , 0.04249966 , 0.0960697 , 0.04262488 , 0.0290113 , 0.1988217 
0.5 , 0.05 , 0.3448088 , 0.1224492 , 0.03724939 , 0.1272391 , 0.04446667 , 0.05070401 , 0.2232183 

0.6 , 0.05 , 0.3445822 , 0.0838813 , 0.03714834 , 0.08981258 , 0.03613937 , 0.03266403 , 0.167091 
0.6 , 0.05 , 0.3445448 , 0.07773665 , 0.03463704 , 0.1788103 , 0.04919043 , 0.08916513 , 0.2780902 
0.6 , 0.05 , 0.3459266 , 0.08297352 , 0.03528249 , 0.2217734 , 0.06219347 , 0.1153518 , 0.346305 
0.6 , 0.05 , 0.3449211 , 0.0787808 , 0.03118638 , 0.04197593 , 0.02658457 , 0.00379791 , 0.100601 
0.6 , 0.05 , 0.3452044 , 0.08825915 , 0.03483438 , 0.08091034 , 0.03681305 , 0.02040127 , 0.1605016 
0.6 , 0.05 , 0.3462482 , 0.07937908 , 0.03406898 , 0.0846815 , 0.0353198 , 0.02551144 , 0.1614948 
0.6 , 0.05 , 0.3450916 , 0.07884111 , 0.03372107 , 0.09737959 , 0.03556671 , 0.03470232 , 0.1731937 
0.6 , 0.05 , 0.3448622 , 0.08607137 , 0.0330967 , 0.06874347 , 0.03097901 , 0.02214017 , 0.1431841 
0.6 , 0.05 , 0.3459843 , 0.07690263 , 0.03240815 , 0.06042676 , 0.03110088 , 0.0124829 , 0.1277687 
0.6 , 0.05 , 0.3457184 , 0.08773279 , 0.03457214 , 0.0976406 , 0.04221516 , 0.03266918 , 0.193907 

0.7 , 0.05 , 0.3448735 , 0.04251836 , 0.02866296 , 0.0404746 , 0.02468503 , 0.003783983 , 0.09886953 
0.7 , 0.05 , 0.345405 , 0.04892723 , 0.03311269 , 0.05406999 , 0.02708723 , 0.01123267 , 0.1118138 
0.7 , 0.05 , 0.3443245 , 0.04577944 , 0.02801933 , 0.0344977 , 0.02015586 , 0.005484539 , 0.08121443 
0.7 , 0.05 , 0.3453291 , 0.04532773 , 0.02389775 , 0.01471786 , 0.01572113 , 3.983278e-05 , 0.05582302 
0.7 , 0.05 , 0.3445946 , 0.04549727 , 0.02710054 , 0.05211525 , 0.02698926 , 0.009078726 , 0.1116759 
0.7 , 0.05 , 0.3463749 , 0.04437707 , 0.02818683 , 0.01061886 , 0.01235786 , 1.728981e-05 , 0.04797021 
0.7 , 0.05 , 0.3454248 , 0.04592644 , 0.02874232 , 0.1011904 , 0.03986095 , 0.03650591 , 0.1867323 
0.7 , 0.05 , 0.3451867 , 0.04827242 , 0.02562595 , 0.05019873 , 0.02794893 , 0.009737435 , 0.1119909 
0.7 , 0.05 , 0.3447699 , 0.0499692 , 0.02706953 , 0.0605824 , 0.03118793 , 0.01169817 , 0.1304227 
0.7 , 0.05 , 0.3457023 , 0.05083932 , 0.02863136 , 0.03988705 , 0.02702384 , 0.00216777 , 0.1079954 

0.8 , 0.05 , 0.3454365 , 0.02458938 , 0.01669687 , 0.02635317 , 0.01763487 , 0.001275182 , 0.0661842 
0.8 , 0.05 , 0.3452663 , 0.02279906 , 0.01746281 , 0.06787275 , 0.03183345 , 0.01948881 , 0.142538 
0.8 , 0.05 , 0.3447934 , 0.02201626 , 0.0174926 , 0.02231038 , 0.01773834 , 0.0002423576 , 0.06759869 
0.8 , 0.05 , 0.3446759 , 0.02149058 , 0.0185819 , 0.06006591 , 0.03341408 , 0.01170774 , 0.1388813 
0.8 , 0.05 , 0.3456212 , 0.02707052 , 0.01944025 , 0.01616535 , 0.01706223 , 4.817351e-05 , 0.0652376 
0.8 , 0.05 , 0.3456011 , 0.02504309 , 0.01857824 , 0.01824196 , 0.01401483 , 0.0002437583 , 0.05332091 
0.8 , 0.05 , 0.3453995 , 0.02179216 , 0.01823402 , 0.04813958 , 0.0277248 , 0.007368367 , 0.1137794 
0.8 , 0.05 , 0.3448705 , 0.0258936 , 0.02182696 , 0.03226374 , 0.02156189 , 0.001818842 , 0.08373609 
0.8 , 0.05 , 0.3449345 , 0.02458343 , 0.01783393 , 0.0578953 , 0.030359 , 0.01025657 , 0.1254042 
0.8 , 0.05 , 0.3454252 , 0.02517741 , 0.01978378 , 0.0228102 , 0.02042905 , 7.569271e-05 , 0.07237446 

0.9 , 0.05 , 0.345487 , 0.009946673 , 0.01193855 , 0.02318863 , 0.01804077 , 0.0002804335 , 0.06736615 
0.9 , 0.05 , 0.3456225 , 0.00789122 , 0.01127466 , 0.02743157 , 0.02137232 , 0.0008378593 , 0.07918541 
0.9 , 0.05 , 0.3461992 , 0.01022386 , 0.01345772 , 0.07284496 , 0.03903356 , 0.01264358 , 0.1612986 
0.9 , 0.05 , 0.3457393 , 0.01036862 , 0.01094036 , 0.01772147 , 0.01672019 , 9.036943e-05 , 0.06140908 
0.9 , 0.05 , 0.3446221 , 0.01169554 , 0.01469509 , 0.009891209 , 0.01282827 , 1.898432e-05 , 0.04406892 
0.9 , 0.05 , 0.3450009 , 0.01032936 , 0.01114389 , 0.03915039 , 0.0269305 , 0.002846045 , 0.09908672 
0.9 , 0.05 , 0.3446025 , 0.008655813 , 0.01002292 , 0.004671413 , 0.006182184 , 8.367298e-06 , 0.02170526 
0.9 , 0.05 , 0.34568 , 0.008136526 , 0.01069014 , 0.007917046 , 0.01004411 , 9.588644e-06 , 0.03557852 
0.9 , 0.05 , 0.3451863 , 0.01024069 , 0.01382643 , 0.009034852 , 0.01087724 , 1.843731e-05 , 0.03777762 
0.9 , 0.05 , 0.3448531 , 0.008798912 , 0.01275723 , 0.006652323 , 0.009578883 , 5.31893e-06 , 0.03235404 




 
