#param, sd.noise, mean.vp.estimate, sd.vp.estimate, relative.uncertainty, bias 
5 , 0 , 44.97779 , 27.50301 , 61.14798 , -1.165359 
5 , 0 , 45.56018 , 28.04251 , 61.55049 , -0.6124687 
5 , 0 , 44.5751 , 28.7598 , 64.51986 , -1.530789 
5 , 0 , 45.16183 , 28.10277 , 62.22683 , -0.9035949 
5 , 0 , 46.21304 , 28.91501 , 62.56895 , 0.08725368 
5 , 0 , 46.90335 , 29.24173 , 62.34465 , 0.730223 
5 , 0 , 46.70792 , 26.24133 , 56.18175 , 0.5704652 
5 , 0 , 45.30443 , 29.63712 , 65.4177 , -0.8183247 
5 , 0 , 51.26533 , 28.46221 , 55.51941 , 5.070658 
5 , 0 , 42.95559 , 27.72358 , 64.5401 , -3.172741 
10 , 0 , 46.86934 , 21.66226 , 46.2184 , 0.6536627 
10 , 0 , 44.7565 , 19.82148 , 44.28737 , -1.42589 
10 , 0 , 44.06153 , 20.74565 , 47.08335 , -2.118615 
10 , 0 , 48.18016 , 20.22925 , 41.98668 , 1.995854 
10 , 0 , 44.83375 , 18.55391 , 41.3838 , -1.252154 
10 , 0 , 47.27944 , 19.95331 , 42.20292 , 1.134546 
10 , 0 , 48.93669 , 22.8574 , 46.70811 , 2.799855 
10 , 0 , 49.95362 , 20.26472 , 40.56708 , 3.741327 
10 , 0 , 42.08052 , 17.73968 , 42.15652 , -4.06958 
10 , 0 , 45.73544 , 20.08018 , 43.90508 , -0.3602609 
25 , 0 , 44.8598 , 11.04557 , 24.62242 , -1.27456 
25 , 0 , 47.32567 , 12.83869 , 27.12838 , 1.236365 
25 , 0 , 45.95136 , 12.05272 , 26.22931 , -0.2301203 
25 , 0 , 44.16049 , 11.09589 , 25.12629 , -2.006242 
25 , 0 , 46.47727 , 10.9601 , 23.58163 , 0.336988 
25 , 0 , 46.65103 , 12.34906 , 26.47115 , 0.6582159 
25 , 0 , 45.31377 , 12.40369 , 27.37289 , -0.8834647 
25 , 0 , 47.69988 , 12.17192 , 25.51772 , 1.549672 
25 , 0 , 45.36796 , 10.96826 , 24.17623 , -0.9693202 
25 , 0 , 48.99925 , 13.08099 , 26.69631 , 2.823131 
50 , 0 , 46.62545 , 8.712571 , 18.6863 , 0.4540657 
50 , 0 , 46.33033 , 8.438781 , 18.21438 , 0.06048303 
50 , 0 , 46.68266 , 7.990356 , 17.11632 , 0.5350021 
50 , 0 , 46.64501 , 8.472214 , 18.16317 , 0.4714028 
50 , 0 , 44.97177 , 8.984974 , 19.97914 , -1.258432 
50 , 0 , 47.50708 , 8.689481 , 18.29092 , 1.389689 
50 , 0 , 44.76396 , 7.474418 , 16.6974 , -1.412801 
50 , 0 , 45.67179 , 8.812673 , 19.29566 , -0.4291158 
50 , 0 , 46.2789 , 9.634091 , 20.81746 , 0.175453 
50 , 0 , 45.36658 , 7.770125 , 17.12742 , -0.8427607 
100 , 0 , 46.64169 , 5.643341 , 12.09935 , 0.460006 
100 , 0 , 45.77951 , 6.055831 , 13.22826 , -0.352981 
100 , 0 , 46.06488 , 5.906467 , 12.82206 , -0.1064668 
100 , 0 , 46.04549 , 5.614742 , 12.1939 , -0.1886869 
100 , 0 , 46.01583 , 6.125128 , 13.31092 , -0.1968001 
100 , 0 , 45.63152 , 5.725383 , 12.54699 , -0.5183402 
100 , 0 , 45.31845 , 6.780219 , 14.96128 , -0.803517 
100 , 0 , 46.62032 , 5.925276 , 12.70964 , 0.4278188 
100 , 0 , 45.34915 , 5.174087 , 11.40945 , -0.7526102 
100 , 0 , 47.37408 , 5.863805 , 12.37767 , 1.143863 
250 , 0 , 45.95296 , 3.891652 , 8.468775 , -0.1450698 
250 , 0 , 46.59831 , 3.486729 , 7.482523 , 0.3331151 
250 , 0 , 46.20909 , 3.849605 , 8.33084 , 0.0929763 
250 , 0 , 46.68018 , 3.939308 , 8.438932 , 0.5586822 
250 , 0 , 46.41503 , 3.637312 , 7.836496 , 0.2988291 
250 , 0 , 46.11161 , 3.304023 , 7.165273 , 0.00103559 
250 , 0 , 46.45087 , 4.154729 , 8.94435 , 0.3530534 
250 , 0 , 46.12308 , 3.75321 , 8.137378 , -0.06054153 
250 , 0 , 46.29003 , 3.619192 , 7.818514 , 0.1208672 
250 , 0 , 45.64727 , 3.70909 , 8.125545 , -0.4851815 
500 , 0 , 46.56618 , 2.723392 , 5.848433 , 0.3770814 
500 , 0 , 46.09418 , 2.411029 , 5.230657 , -0.06444329 
500 , 0 , 46.44795 , 2.648763 , 5.702647 , 0.3068685 
500 , 0 , 46.27164 , 3.005943 , 6.496295 , 0.1119044 
500 , 0 , 46.17743 , 2.395831 , 5.188316 , 0.06781187 
500 , 0 , 46.80119 , 2.552584 , 5.454101 , 0.6108611 
500 , 0 , 46.20581 , 2.564767 , 5.550745 , 0.06026356 
500 , 0 , 46.04393 , 2.474092 , 5.373328 , -0.05935367 
500 , 0 , 46.44827 , 2.508201 , 5.399988 , 0.2960096 
500 , 0 , 45.59298 , 2.619657 , 5.745745 , -0.5429859 
750 , 0 , 45.96558 , 2.084019 , 4.533868 , -0.1737491 
750 , 0 , 46.2949 , 1.974477 , 4.264998 , 0.1506336 
750 , 0 , 46.36075 , 1.989085 , 4.29045 , 0.2134651 
750 , 0 , 45.95936 , 2.114033 , 4.599787 , -0.2260257 
750 , 0 , 46.46303 , 2.213304 , 4.763581 , 0.1847185 
750 , 0 , 46.13801 , 2.366053 , 5.128208 , -0.04681452 
750 , 0 , 46.58054 , 2.146258 , 4.607628 , 0.5504097 
750 , 0 , 45.85645 , 2.054821 , 4.480986 , -0.1640568 
750 , 0 , 46.56781 , 2.301005 , 4.941193 , 0.4401491 
750 , 0 , 46.29017 , 2.270174 , 4.904225 , 0.1919828 
1000 , 0 , 46.30383 , 1.77875 , 3.841476 , 0.1316912 
1000 , 0 , 46.39667 , 1.834446 , 3.95383 , 0.263226 
1000 , 0 , 46.01568 , 1.665381 , 3.619159 , -0.06403781 
1000 , 0 , 46.18583 , 1.716188 , 3.715831 , -0.04568969 
1000 , 0 , 46.30418 , 1.829839 , 3.951779 , 0.1568091 
1000 , 0 , 46.09208 , 1.946503 , 4.223075 , -0.00240938 
1000 , 0 , 46.30892 , 1.735576 , 3.747821 , 0.2013314 
1000 , 0 , 46.26493 , 1.563697 , 3.379874 , 0.07611535 
1000 , 0 , 46.54088 , 1.57885 , 3.392393 , 0.4002366 
1000 , 0 , 46.11997 , 1.895224 , 4.109336 , 0.02958004 
5 , 0.01 , 48.14874 , 28.58332 , 59.36463 , 2.70392 
5 , 0.01 , 41.78801 , 27.5487 , 65.92488 , -3.81658 
5 , 0.01 , 45.51674 , 27.0028 , 59.32499 , 0.003283639 
5 , 0.01 , 47.56109 , 28.61891 , 60.17295 , 1.972664 
5 , 0.01 , 45.13835 , 25.24262 , 55.92278 , -0.5161234 
5 , 0.01 , 45.89128 , 29.23683 , 63.7089 , 0.2768809 
5 , 0.01 , 52.24092 , 27.86869 , 53.34648 , 6.663981 
5 , 0.01 , 42.83015 , 27.75843 , 64.8105 , -2.745141 
5 , 0.01 , 43.18527 , 27.1348 , 62.83346 , -2.282453 
5 , 0.01 , 46.22647 , 27.27688 , 59.00705 , 0.7432511 
10 , 0.01 , 48.37622 , 20.79079 , 42.97728 , 2.777854 
10 , 0.01 , 44.72125 , 18.51881 , 41.40943 , -0.8329303 
10 , 0.01 , 48.10024 , 19.79844 , 41.16079 , 2.495158 
10 , 0.01 , 44.82747 , 18.20701 , 40.61575 , -0.6329058 
10 , 0.01 , 45.41745 , 19.99665 , 44.02857 , -0.1919159 
10 , 0.01 , 45.59756 , 18.90278 , 41.45568 , 0.04678413 
10 , 0.01 , 42.07192 , 18.11467 , 43.05644 , -3.420372 
10 , 0.01 , 43.23277 , 15.7881 , 36.51882 , -2.33212 
10 , 0.01 , 48.66654 , 19.65271 , 40.3824 , 3.234259 
10 , 0.01 , 46.06699 , 18.74557 , 40.69197 , 0.527148 
25 , 0.01 , 46.38702 , 12.48183 , 26.90802 , 0.901423 
25 , 0.01 , 46.54555 , 12.6419 , 27.16027 , 1.04231 
25 , 0.01 , 46.75223 , 14.18508 , 30.34097 , 1.175423 
25 , 0.01 , 44.36246 , 11.40002 , 25.69745 , -1.202174 
25 , 0.01 , 47.07755 , 10.1115 , 21.4784 , 1.567905 
25 , 0.01 , 46.06047 , 11.6022 , 25.18906 , 0.5288653 
25 , 0.01 , 45.90722 , 10.75604 , 23.42994 , 0.3693701 
25 , 0.01 , 44.40249 , 11.42365 , 25.72751 , -1.133723 
25 , 0.01 , 46.80924 , 12.71162 , 27.15622 , 1.33747 
25 , 0.01 , 44.73774 , 11.00403 , 24.59675 , -0.7764603 
50 , 0.01 , 44.53939 , 7.754511 , 17.41046 , -0.9767579 
50 , 0.01 , 47.34528 , 8.436242 , 17.81855 , 1.699776 
50 , 0.01 , 46.37109 , 7.622876 , 16.43885 , 0.78595 
50 , 0.01 , 44.64334 , 7.931176 , 17.76564 , -1.029021 
50 , 0.01 , 46.0758 , 7.696051 , 16.70302 , 0.6042266 
50 , 0.01 , 47.52269 , 8.588217 , 18.07182 , 2.112769 
50 , 0.01 , 46.8512 , 7.875097 , 16.80874 , 1.356439 
50 , 0.01 , 45.19955 , 8.412502 , 18.61191 , -0.3535339 
50 , 0.01 , 44.20619 , 7.145072 , 16.16306 , -1.335808 
50 , 0.01 , 45.02315 , 8.346701 , 18.53869 , -0.5141694 
100 , 0.01 , 46.1682 , 5.176076 , 11.21135 , 0.6420491 
100 , 0.01 , 44.76134 , 5.138467 , 11.4797 , -0.7769128 
100 , 0.01 , 45.18165 , 5.284652 , 11.69646 , -0.3923434 
100 , 0.01 , 46.60196 , 6.314256 , 13.54934 , 1.080588 
100 , 0.01 , 45.54719 , 5.806616 , 12.74857 , -0.09642423 
100 , 0.01 , 46.14952 , 6.216935 , 13.47129 , 0.5793618 
100 , 0.01 , 45.0668 , 6.1398 , 13.62378 , -0.4492438 
100 , 0.01 , 45.94322 , 6.716176 , 14.61843 , 0.3268123 
100 , 0.01 , 46.03628 , 5.317928 , 11.5516 , 0.4597335 
100 , 0.01 , 46.16579 , 6.170762 , 13.36652 , 0.6535861 
250 , 0.01 , 45.27949 , 3.874692 , 8.55728 , -0.3542703 
250 , 0.01 , 45.50717 , 3.952608 , 8.685681 , 0.1004279 
250 , 0.01 , 45.55048 , 4.004729 , 8.791848 , 0.006072103 
250 , 0.01 , 45.18817 , 3.393925 , 7.510651 , -0.3145479 
250 , 0.01 , 45.23236 , 3.53548 , 7.816262 , -0.3573191 
250 , 0.01 , 46.06741 , 4.184323 , 9.083043 , 0.5887063 
250 , 0.01 , 45.80322 , 3.399116 , 7.42113 , 0.2528723 
250 , 0.01 , 45.08342 , 3.778459 , 8.381039 , -0.4727077 
250 , 0.01 , 44.86693 , 3.40881 , 7.5976 , -0.6726159 
250 , 0.01 , 45.54122 , 3.611401 , 7.929962 , -0.05942163 
500 , 0.01 , 45.52471 , 2.724395 , 5.984432 , 0.04990599 
500 , 0.01 , 45.32151 , 2.198416 , 4.850712 , -0.1617263 
500 , 0.01 , 45.77926 , 2.507986 , 5.478432 , 0.2585331 
500 , 0.01 , 45.54195 , 2.663085 , 5.847543 , -0.114811 
500 , 0.01 , 45.36227 , 2.837695 , 6.255628 , -0.1073842 
500 , 0.01 , 45.26793 , 2.628805 , 5.807212 , -0.2555654 
500 , 0.01 , 45.56236 , 2.344725 , 5.146189 , -0.0004137501 
500 , 0.01 , 46.18969 , 2.526082 , 5.468929 , 0.635727 
500 , 0.01 , 45.75913 , 2.328969 , 5.089628 , 0.1999658 
500 , 0.01 , 45.67388 , 2.689227 , 5.887888 , 0.1061558 
750 , 0.01 , 45.40658 , 1.937659 , 4.267354 , -0.2032582 
750 , 0.01 , 45.29372 , 1.865281 , 4.118188 , -0.2052117 
750 , 0.01 , 45.95909 , 1.944096 , 4.230057 , 0.3659195 
750 , 0.01 , 45.80166 , 2.106341 , 4.598832 , 0.2142144 
750 , 0.01 , 45.79447 , 2.138854 , 4.67055 , 0.2288321 
750 , 0.01 , 45.39133 , 2.197793 , 4.84188 , -0.1157198 
750 , 0.01 , 45.85502 , 2.277599 , 4.966957 , 0.2911218 
750 , 0.01 , 45.63206 , 2.080676 , 4.55968 , 0.1725433 
750 , 0.01 , 45.54846 , 2.124552 , 4.664378 , -0.02601216 
750 , 0.01 , 45.67457 , 2.019369 , 4.421212 , 0.1377019 
1000 , 0.01 , 45.33186 , 1.841573 , 4.062425 , -0.2325037 
1000 , 0.01 , 45.6202 , 1.8661 , 4.090513 , 0.09197577 
1000 , 0.01 , 45.41046 , 1.694282 , 3.73104 , -0.1171889 
1000 , 0.01 , 45.91058 , 1.88166 , 4.098532 , 0.2740134 
1000 , 0.01 , 45.67306 , 2.160993 , 4.731439 , 0.1672412 
1000 , 0.01 , 45.85705 , 1.769762 , 3.859302 , 0.3389168 
1000 , 0.01 , 45.51919 , 1.829317 , 4.018781 , -0.04295611 
1000 , 0.01 , 45.56254 , 1.736296 , 3.810797 , -0.005802758 
1000 , 0.01 , 45.45019 , 2.084416 , 4.586154 , -0.1609309 
1000 , 0.01 , 45.38031 , 1.842459 , 4.06004 , -0.1428681 
5 , 0.05 , 36.98997 , 29.20068 , 78.94215 , 2.445336 
5 , 0.05 , 34.37537 , 28.2251 , 82.10849 , -0.1393134 
5 , 0.05 , 36.55864 , 27.78315 , 75.99612 , 2.038979 
5 , 0.05 , 33.3392 , 26.64903 , 79.93301 , -1.140371 
5 , 0.05 , 35.84634 , 24.82924 , 69.26577 , 1.343715 
5 , 0.05 , 39.72282 , 27.35174 , 68.85649 , 5.185755 
5 , 0.05 , 35.14036 , 26.61501 , 75.73917 , 0.4863638 
5 , 0.05 , 37.63407 , 28.05617 , 74.54993 , 3.163498 
5 , 0.05 , 36.4055 , 26.5647 , 72.96892 , 1.928947 
5 , 0.05 , 39.48184 , 28.89202 , 73.17799 , 4.894501 
10 , 0.05 , 35.35067 , 19.38183 , 54.82733 , 0.8798487 
10 , 0.05 , 36.1613 , 20.0239 , 55.37384 , 1.62663 
10 , 0.05 , 36.47977 , 19.11643 , 52.40282 , 1.856881 
10 , 0.05 , 33.64902 , 19.49777 , 57.94454 , -0.9314683 
10 , 0.05 , 32.7553 , 18.62352 , 56.85652 , -1.82023 
10 , 0.05 , 32.95525 , 17.43168 , 52.89502 , -1.6525 
10 , 0.05 , 39.06097 , 18.9634 , 48.54821 , 4.553942 
10 , 0.05 , 31.87671 , 17.71988 , 55.58878 , -2.563375 
10 , 0.05 , 32.86386 , 19.77288 , 60.16602 , -1.619153 
10 , 0.05 , 32.67194 , 18.04781 , 55.23947 , -1.911586 
25 , 0.05 , 32.29249 , 11.71165 , 36.26743 , -2.208484 
25 , 0.05 , 36.34125 , 12.75245 , 35.09085 , 1.797101 
25 , 0.05 , 34.66657 , 12.19234 , 35.17031 , 0.2261703 
25 , 0.05 , 36.86701 , 12.63178 , 34.26309 , 2.279864 
25 , 0.05 , 35.63425 , 13.29628 , 37.31319 , 1.020033 
25 , 0.05 , 35.74201 , 12.23339 , 34.22692 , 1.280139 
25 , 0.05 , 32.57686 , 11.79471 , 36.20579 , -1.876634 
25 , 0.05 , 36.70919 , 11.73692 , 31.97271 , 2.164813 
25 , 0.05 , 33.78335 , 12.20598 , 36.13015 , -0.8477636 
25 , 0.05 , 35.38043 , 12.5776 , 35.5496 , 0.8834544 
50 , 0.05 , 35.25423 , 8.022335 , 22.75567 , 0.7634305 
50 , 0.05 , 34.26066 , 9.078653 , 26.49877 , -0.2461704 
50 , 0.05 , 35.99986 , 7.872232 , 21.8674 , 1.436768 
50 , 0.05 , 35.05765 , 8.941823 , 25.50605 , 0.4339225 
50 , 0.05 , 34.02489 , 7.584411 , 22.29077 , -0.6043571 
50 , 0.05 , 35.4444 , 7.941086 , 22.40434 , 0.9386886 
50 , 0.05 , 35.54199 , 8.20355 , 23.08129 , 0.9511839 
50 , 0.05 , 34.63277 , 9.104121 , 26.28759 , 0.1351309 
50 , 0.05 , 34.55593 , 8.792383 , 25.44392 , 0.08483678 
50 , 0.05 , 35.02031 , 7.836967 , 22.37835 , 0.5287395 
100 , 0.05 , 35.13384 , 5.551222 , 15.80021 , 0.5492588 
100 , 0.05 , 35.39888 , 4.962057 , 14.01755 , 0.8169251 
100 , 0.05 , 34.7886 , 5.566163 , 15.99996 , 0.2401549 
100 , 0.05 , 34.1005 , 5.771966 , 16.92634 , -0.5163041 
100 , 0.05 , 35.34111 , 5.620766 , 15.90433 , 0.7187183 
100 , 0.05 , 34.82561 , 5.29525 , 15.20505 , 0.3223983 
100 , 0.05 , 34.89708 , 5.946175 , 17.03918 , 0.3576209 
100 , 0.05 , 35.1398 , 6.176152 , 17.57594 , 0.6480298 
100 , 0.05 , 34.1535 , 5.808624 , 17.00741 , -0.3929694 
100 , 0.05 , 34.31792 , 6.018352 , 17.53705 , -0.2211433 
250 , 0.05 , 34.30354 , 3.905392 , 11.38481 , -0.245423 
250 , 0.05 , 34.95015 , 3.998068 , 11.43934 , 0.2887888 
250 , 0.05 , 34.85447 , 3.852603 , 11.0534 , 0.2527125 
250 , 0.05 , 34.82637 , 4.277973 , 12.28372 , 0.316284 
250 , 0.05 , 35.38736 , 3.914469 , 11.06177 , 0.8915744 
250 , 0.05 , 34.52322 , 3.901716 , 11.30172 , -0.0330641 
250 , 0.05 , 35.08738 , 3.359637 , 9.575058 , 0.5646669 
250 , 0.05 , 34.53755 , 3.870669 , 11.20713 , -0.1355504 
250 , 0.05 , 35.01546 , 4.334051 , 12.37753 , 0.4313216 
250 , 0.05 , 34.34242 , 3.856553 , 11.22971 , -0.1409393 
500 , 0.05 , 34.62107 , 2.996079 , 8.653918 , 0.06373515 
500 , 0.05 , 34.23662 , 2.78916 , 8.146716 , -0.2754583 
500 , 0.05 , 34.87286 , 2.687997 , 7.707992 , 0.2430333 
500 , 0.05 , 34.27871 , 2.674782 , 7.803042 , -0.157683 
500 , 0.05 , 34.59262 , 2.674232 , 7.730642 , 0.1243265 
500 , 0.05 , 34.26659 , 2.824422 , 8.242497 , -0.3256736 
500 , 0.05 , 34.8857 , 3.232928 , 9.2672 , 0.3026382 
500 , 0.05 , 34.72407 , 2.425124 , 6.983985 , 0.1476701 
500 , 0.05 , 34.2269 , 2.920627 , 8.533132 , -0.3192434 
500 , 0.05 , 34.60025 , 2.458231 , 7.104663 , 0.09061003 
750 , 0.05 , 34.96911 , 1.961406 , 5.608967 , 0.4416541 
750 , 0.05 , 34.46112 , 2.116833 , 6.142672 , -0.1169504 
750 , 0.05 , 34.3761 , 2.269738 , 6.602664 , -0.07675687 
750 , 0.05 , 34.49018 , 2.319355 , 6.724681 , 0.04782696 
750 , 0.05 , 34.44145 , 2.35038 , 6.824275 , -0.1219022 
750 , 0.05 , 35.04301 , 2.125644 , 6.065815 , 0.4562498 
750 , 0.05 , 34.88676 , 2.151253 , 6.166388 , 0.3140826 
750 , 0.05 , 34.81417 , 2.04846 , 5.883982 , 0.3179997 
750 , 0.05 , 34.78869 , 2.023512 , 5.81658 , 0.2345227 
750 , 0.05 , 34.44504 , 2.043542 , 5.932762 , -0.1638345 
1000 , 0.05 , 34.33898 , 1.925962 , 5.608676 , -0.2171613 
1000 , 0.05 , 34.45185 , 1.787123 , 5.187306 , -0.0631878 
1000 , 0.05 , 34.70416 , 2.103146 , 6.060213 , 0.1128949 
1000 , 0.05 , 34.61512 , 1.863315 , 5.382953 , -0.05538249 
1000 , 0.05 , 34.33679 , 1.802069 , 5.248217 , -0.1334971 
1000 , 0.05 , 34.59539 , 1.89168 , 5.468013 , 0.04582757 
1000 , 0.05 , 34.5834 , 1.801826 , 5.21009 , 0.09088844 
1000 , 0.05 , 34.63483 , 1.904692 , 5.499354 , 0.0702193 
1000 , 0.05 , 34.87656 , 1.755469 , 5.033376 , 0.2910941 
1000 , 0.05 , 34.54282 , 1.846636 , 5.345934 , -0.01145936 
5 , 0.1 , 30.18209 , 28.96494 , 95.96733 , 9.857726 
5 , 0.1 , 31.68283 , 26.72379 , 84.34786 , 11.35759 
5 , 0.1 , 28.1289 , 27.29591 , 97.03865 , 7.860114 
5 , 0.1 , 32.52372 , 28.83054 , 88.64464 , 12.22934 
5 , 0.1 , 27.10987 , 27.17428 , 100.2376 , 6.747225 
5 , 0.1 , 30.28748 , 26.14838 , 86.33394 , 10.02924 
5 , 0.1 , 26.2465 , 24.35446 , 92.79127 , 5.86338 
5 , 0.1 , 23.42267 , 23.53999 , 100.5009 , 3.235782 
5 , 0.1 , 26.14225 , 23.15738 , 88.58221 , 5.777355 
5 , 0.1 , 26.60434 , 24.85163 , 93.41194 , 6.255015 
10 , 0.1 , 25.09978 , 18.89172 , 75.26646 , 4.783032 
10 , 0.1 , 22.21912 , 17.50874 , 78.80031 , 1.858148 
10 , 0.1 , 25.58363 , 19.19395 , 75.02435 , 5.239332 
10 , 0.1 , 25.11633 , 18.14492 , 72.24352 , 4.753621 
10 , 0.1 , 24.84242 , 19.41184 , 78.13991 , 4.464192 
10 , 0.1 , 26.28087 , 20.16926 , 76.74502 , 5.858652 
10 , 0.1 , 23.98003 , 21.38318 , 89.1708 , 3.614767 
10 , 0.1 , 25.14742 , 20.59021 , 81.87803 , 4.771068 
10 , 0.1 , 25.19837 , 19.63526 , 77.92273 , 4.884592 
10 , 0.1 , 25.83741 , 17.87423 , 69.17964 , 5.548083 
25 , 0.1 , 21.41779 , 11.26977 , 52.61871 , 1.126642 
25 , 0.1 , 22.7085 , 14.62908 , 64.42114 , 2.426948 
25 , 0.1 , 21.3362 , 13.86568 , 64.98665 , 1.154688 
25 , 0.1 , 21.43149 , 12.27156 , 57.25946 , 1.160559 
25 , 0.1 , 21.23555 , 12.20581 , 57.47819 , 0.8192351 
25 , 0.1 , 21.73303 , 10.7765 , 49.58579 , 1.364637 
25 , 0.1 , 21.70088 , 10.96404 , 50.52346 , 1.439135 
25 , 0.1 , 21.20217 , 12.1547 , 57.32761 , 0.8530141 
25 , 0.1 , 22.65747 , 11.6908 , 51.598 , 2.364264 
25 , 0.1 , 24.05933 , 12.91165 , 53.66589 , 3.741065 
50 , 0.1 , 22.11211 , 8.894066 , 40.2226 , 1.847045 
50 , 0.1 , 20.53766 , 8.529073 , 41.52894 , 0.2900867 
50 , 0.1 , 21.34929 , 9.315449 , 43.63353 , 0.9440864 
50 , 0.1 , 21.70864 , 9.01553 , 41.52968 , 1.328481 
50 , 0.1 , 20.75251 , 9.384146 , 45.21934 , 0.4319905 
50 , 0.1 , 21.6717 , 10.13128 , 46.7489 , 1.29461 
50 , 0.1 , 20.8425 , 8.593668 , 41.23147 , 0.4616515 
50 , 0.1 , 20.9955 , 7.97153 , 37.96779 , 0.7014873 
50 , 0.1 , 21.74121 , 8.845712 , 40.68638 , 1.330317 
50 , 0.1 , 20.95026 , 7.787103 , 37.16948 , 0.5100868 
100 , 0.1 , 20.03546 , 5.724947 , 28.57408 , -0.3383944 
100 , 0.1 , 19.14018 , 6.045399 , 31.58486 , -1.181967 
100 , 0.1 , 20.89037 , 5.952566 , 28.4943 , 0.6790599 
100 , 0.1 , 21.07933 , 6.221072 , 29.51266 , 0.7900592 
100 , 0.1 , 21.99799 , 6.572417 , 29.87736 , 1.760363 
100 , 0.1 , 20.28931 , 5.458472 , 26.9032 , -0.06054767 
100 , 0.1 , 21.14019 , 5.551163 , 26.25881 , 0.8406091 
100 , 0.1 , 20.12252 , 6.475073 , 32.17825 , -0.2165652 
100 , 0.1 , 20.33752 , 5.893385 , 28.97789 , -0.09176354 
100 , 0.1 , 19.77162 , 6.197466 , 31.34526 , -0.5647679 
250 , 0.1 , 20.08192 , 4.167351 , 20.75175 , -0.3075621 
250 , 0.1 , 20.63511 , 4.068294 , 19.71539 , 0.2866473 
250 , 0.1 , 20.51922 , 3.434743 , 16.73915 , 0.07272768 
250 , 0.1 , 20.19888 , 3.844933 , 19.03538 , -0.1616941 
250 , 0.1 , 20.40292 , 4.175889 , 20.46712 , 0.01586377 
250 , 0.1 , 20.98313 , 3.889293 , 18.53533 , 0.5939914 
250 , 0.1 , 20.2987 , 4.245732 , 20.91628 , 0.05160969 
250 , 0.1 , 20.22617 , 3.720283 , 18.39341 , -0.1002707 
250 , 0.1 , 20.18654 , 3.658428 , 18.1231 , -0.1735904 
250 , 0.1 , 20.45295 , 3.74805 , 18.32523 , 0.08494927 
500 , 0.1 , 20.11687 , 2.395838 , 11.90959 , -0.1149279 
500 , 0.1 , 20.5217 , 3.082432 , 15.02035 , 0.1805924 
500 , 0.1 , 20.05262 , 2.935093 , 14.63695 , -0.1411984 
500 , 0.1 , 20.26101 , 2.749487 , 13.57034 , -0.04601972 
500 , 0.1 , 20.87526 , 2.476061 , 11.86122 , 0.4926067 
500 , 0.1 , 21.01582 , 2.756689 , 13.11721 , 0.6413494 
500 , 0.1 , 20.02341 , 2.618686 , 13.07812 , -0.2734269 
500 , 0.1 , 20.54629 , 3.1053 , 15.11368 , 0.1212296 
500 , 0.1 , 20.39257 , 2.562548 , 12.56609 , 0.02121028 
500 , 0.1 , 20.03195 , 2.857638 , 14.2654 , -0.3315421 
750 , 0.1 , 20.11218 , 1.920748 , 9.550171 , -0.3118765 
750 , 0.1 , 20.30346 , 2.124711 , 10.46478 , -0.1453735 
750 , 0.1 , 20.39239 , 2.319694 , 11.37529 , -0.07388907 
750 , 0.1 , 20.21305 , 1.89595 , 9.37983 , -0.2546701 
750 , 0.1 , 20.39268 , 2.144533 , 10.51619 , 0.07119287 
750 , 0.1 , 20.59148 , 2.383884 , 11.57704 , 0.2113955 
750 , 0.1 , 20.67505 , 2.406058 , 11.6375 , 0.2609697 
750 , 0.1 , 20.45471 , 2.12888 , 10.40777 , 0.1162531 
750 , 0.1 , 20.38284 , 2.267495 , 11.12453 , 0.06206096 
750 , 0.1 , 20.76938 , 1.873515 , 9.020562 , 0.3454607 
1000 , 0.1 , 20.04248 , 1.853591 , 9.24831 , -0.3048251 
1000 , 0.1 , 20.27978 , 2.009587 , 9.909315 , -0.1140859 
1000 , 0.1 , 19.76246 , 1.637992 , 8.288401 , -0.5419088 
1000 , 0.1 , 20.26477 , 2.14495 , 10.58462 , -0.1420739 
1000 , 0.1 , 20.67508 , 1.593988 , 7.709709 , 0.3427568 
1000 , 0.1 , 20.35144 , 2.132996 , 10.48082 , -0.004774504 
1000 , 0.1 , 19.92841 , 2.026341 , 10.1681 , -0.2598387 
1000 , 0.1 , 20.57842 , 1.902222 , 9.243769 , 0.251991 
1000 , 0.1 , 20.56901 , 2.076908 , 10.09727 , 0.2250486 
1000 , 0.1 , 20.26244 , 1.95168 , 9.632008 , 0.001722539 
